0
1
2
4
5
6
7
8
9
10
11
12
13
14
15
16
17
18
19
20
21
22
23
24
25
26
27
28
29
30
31
32
33
34
35
36
37
38
39
40
41
42
43
44
45
46
47
48
49
50
51
52
53
54
55
56
57
58
59
60
61
62
63
64
65
66
67
68
69
70
80
81
84
86
87
88
96
97
98
104
107
109
115
117
118
123
125
126
133
135
136
140
142
144
148
150
152
157
161
162
163
166
171
173
174
176
177
179
180
181
182
184
185
186
187
188
189
190
191
192
193
194
195
196
197
198
199
200
201
202
203
204
205
206
207
208
209
210
211
212
213
214
215
216
217
218
219
220
221
222
223
224
225
226
227
228
229
230
231
232
233
234
235
236
238
239
240
241
242
243
244
245
246
247
248
249
250
251
255
256
259
260
266
273
276
277
280
284
292
294
298
299
301
305
319
322
328
330
334
335
338
340
343
344
345
349
352
358
359
361
362
363
364
366
368
369
370
371
372
373
374
375
376
377
378
379
380
381
382
383
384
385
386
387
388
389
390
391
392
393
394
395
396
397
398
399
400
401
402
403
404
405
406
407
408
409
410
411
412
413
414
415
416
417
418
419
420
421
422
423
424
425
426
427
429
430
431
432
440
447
454
457
459
460
461
468
482
483
484
486
487
492
493
503
504
506
507
510
512
513
514
515
517
519
521
523
530
533
538
539
541
543
544
545
546
547
548
549
550
551
552
553
554
555
556
557
558
559
560
561
562
563
564
565
566
567
568
569
570
571
572
573
574
575
576
577
578
579
580
581
582
583
584
585
586
587
588
589
590
591
592
593
594
595
596
597
598
599
600
601
602
603
604
605
606
607
608
609
610
611
612
613
622
628
635
638
640
641
644
647
652
653
657
660
662
664
669
670
673
674
676
677
679
682
684
688
696
698
704
705
706
707
710
713
720
724
725
726
727
729
730
731
732
733
734
735
736
737
738
739
740
741
742
743
744
745
746
747
748
749
750
751
752
753
754
755
756
757
758
759
760
761
762
763
764
765
767
768
769
770
771
772
773
774
775
776
777
778
779
780
781
782
783
784
785
786
787
788
789
790
791
792
793
794
798
802
804
808
809
811
819
821
824
825
829
832
833
838
839
840
841
842
845
846
858
865
868
870
871
872
873
874
877
880
881
883
886
901
903
905
906
907
908
909
910
911
912
913
914
915
916
917
918
919
920
922
923
924
925
926
927
928
929
930
931
932
933
934
935
936
937
938
939
940
941
942
943
944
945
946
947
948
949
950
951
952
953
954
955
956
957
958
959
960
961
962
963
964
965
966
967
968
969
970
971
972
973
974
975
977
978
980
981
983
985
991
992
995
997
998
999
1002
1003
1004
1006
1010
1012
1015
1017
1019
1023
1025
1039
1044
1045
1046
1047
1052
1054
1056
1067
1069
1072
1073
1074
1078
1079
1082
1083
1085
1086
1087
1088
1089
1090
1091
1092
1093
1094
1095
1096
1097
1098
1099
1100
1101
1102
1103
1104
1105
1106
1108
1109
1110
1111
1112
1113
1114
1115
1116
1117
1118
1119
1120
1121
1122
1123
1124
1125
1126
1127
1128
1129
1130
1131
1132
1133
1134
1135
1136
1137
1138
1139
1140
1141
1142
1143
1144
1145
1146
1147
1148
1149
1150
1151
1152
1153
1154
1155
1156
1164
1166
1167
1171
1174
1177
1178
1182
1183
1185
1188
1191
1193
1194
1196
1200
1201
1203
1205
1206
1215
1217
1218
1221
1227
1228
1231
1233
1239
1242
1249
1251
1252
1253
1256
1259
1260
1261
1263
1264
1265
1267
1268
1269
1270
1271
1272
1273
1274
1275
1276
1277
1278
1279
1280
1281
1282
1283
1284
1285
1286
1287
1288
1289
1290
1291
1292
1293
1294
1295
1296
1297
1298
1299
1300
1301
1302
1303
1304
1305
1306
1307
1308
1309
1310
1311
1312
1313
1314
1315
1316
1317
1318
1320
1321
1322
1323
1324
1325
1326
1327
1328
1329
1330
1331
1332
1333
1335
1336
1337
1340
1345
1347
1348
1351
1352
1353
1354
1355
1358
1359
1360
1372
1373
1376
1381
1384
1385
1395
1398
1400
1402
1404
1411
1413
1414
1415
1417
1424
1425
1426
1428
1432
1438
1441
1444
1448
1449
1450
1451
1452
1453
1454
1455
1456
1457
1458
1459
1460
1461
1462
1463
1464
1465
1466
1467
1468
1469
1470
1471
1472
1473
1474
1475
1476
1477
1478
1479
1480
1481
1482
1483
1484
1485
1486
1487
1488
1489
1490
1491
1492
1493
1494
1495
1496
1497
1498
1499
1500
1501
1502
1503
1504
1505
1506
1507
1508
1509
1510
1511
1512
1513
1514
1515
1516
1517
1518
1520
1523
1526
1528
1532
1533
1536
1538
1541
1545
1568
1573
1575
1578
1583
1584
1586
1589
1590
1591
1606
1609
1610
1614
1618
1624
1625
1626
1629
1630
1631
1632
1633
1634
1635
1636
1637
1638
1639
1640
1641
1642
1643
1644
1645
1646
1647
1648
1649
1650
1651
1652
1653
1654
1655
1656
1657
1658
1659
1660
1661
1662
1663
1664
1665
1666
1667
1668
1669
1670
1671
1672
1673
1674
1675
1676
1677
1679
1680
1681
1682
1683
1684
1685
1686
1687
1688
1689
1690
1691
1692
1693
1694
1695
1696
1697
1698
1699
1701
1704
1706
1707
1708
1709
1713
1714
1717
1722
1723
1726
1733
1734
1743
1750
1751
1753
1754
1760
1767
1768
1770
1772
1775
1777
1780
1782
1784
1786
1788
1798
1800
1802
1809
1810
1811
1812
1813
1816
1817
1818
1819
1820
1821
1822
1823
1824
1825
1826
1827
1828
1829
1830
1831
1832
1833
1834
1835
1836
1837
1838
1839
1840
1841
1842
1843
1844
1845
1846
1847
1848
1849
1850
1851
1852
1853
1854
1855
1856
1857
1858
1859
1860
1861
1862
1863
1864
1865
1866
1867
1868
1869
1870
1872
1873
1874
1875
1876
1877
1878
1879
1880
1885
1887
1888
1889
1890
1893
1897
1905
1907
1914
1916
1919
1923
1925
1929
1930
1931
1935
1937
1938
1943
1946
1948
1951
1956
1961
1962
1963
1964
1967
1968
1969
1971
1978
1979
1981
1988
1991
1992
1993
1994
1995
1996
1997
1998
1999
2000
2001
2002
2003
2004
2005
2006
2007
2008
2009
2010
2011
2012
2013
2014
2015
2016
2017
2018
2019
2020
2021
2022
2023
2024
2026
2027
2028
2029
2030
2031
2032
2033
2034
2036
2037
2038
2039
2040
2041
2042
2043
2044
2045
2046
2047
2048
2049
2050
2051
2052
2053
2054
2055
2056
2057
2058
2059
2060
2061
2066
2068
2069
2072
2074
2075
2076
2077
2079
2083
2095
2097
2098
2104
2111
2112
2119
2121
2130
2132
2138
2141
2142
2143
2145
2152
2155
2157
2158
2159
2168
2169
2170
2171
2172
2173
2174
2175
2176
2177
2178
2179
2180
2181
2182
2183
2184
2185
2186
2187
2188
2189
2190
2191
2192
2193
2194
2195
2196
2197
2198
2199
2200
2201
2202
2203
2204
2205
2207
2208
2209
2210
2211
2212
2213
2214
2215
2217
2218
2219
2220
2221
2222
2223
2224
2225
2226
2227
2228
2229
2230
2231
2232
2233
2234
2235
2236
2237
2238
2239
2240
2241
2242
2245
2246
2249
2254
2256
2258
2259
2263
2264
2265
2266
2267
2268
2272
2276
2280
2281
2284
2288
2289
2292
2298
2311
2312
2313
2315
2319
2321
2322
2323
2324
2329
2330
2333
2335
2339
2350
2353
2354
2355
2356
2357
2358
2359
2360
2361
2362
2363
2364
2365
2366
2367
2368
2369
2370
2371
2372
2373
2374
2375
2376
2377
2378
2379
2380
2381
2382
2383
2384
2385
2386
2387
2388
2389
2390
2391
2392
2393
2394
2395
2396
2398
2399
2400
2401
2402
2403
2404
2405
2406
2407
2408
2409
2410
2411
2412
2413
2414
2415
2416
2417
2418
2419
2420
2421
2422
2423
2426
2427
2429
2432
2435
2437
2438
2440
2441
2444
2448
2450
2451
2456
2462
2463
2465
2467
2474
2477
2478
2479
2484
2486
2488
2491
2492
2494
2503
2504
2505
2510
2511
2513
2515
2516
2519
2524
2528
2534
2535
2536
2537
2538
2539
2540
2541
2542
2543
2544
2545
2546
2547
2548
2549
2550
2551
2552
2554
2555
2556
2557
2558
2559
2560
2561
2562
2563
2564
2565
2566
2567
2568
2569
2570
2571
2572
2573
2574
2575
2576
2577
2579
2580
2581
2582
2583
2584
2585
2586
2587
2588
2589
2590
2591
2592
2593
2594
2595
2596
2597
2598
2599
2600
2601
2602
2603
2604
2607
2611
2613
2614
2615
2618
2619
2627
2632
2642
2643
2644
2647
2654
2655
2658
2659
2662
2666
2667
2669
2673
2674
2675
2677
2680
2682
2683
2685
2686
2691
2692
2695
2696
2697
2701
2702
2703
2709
2711
2713
2714
2715
2716
2717
2718
2719
2720
2721
2722
2723
2724
2725
2726
2727
2728
2729
2730
2731
2732
2733
2734
2735
2736
2737
2738
2739
2740
2741
2742
2743
2744
2745
2746
2747
2748
2749
2750
2751
2752
2753
2754
2755
2756
2757
2759
2760
2761
2762
2763
2764
2765
2766
2768
2769
2770
2771
2772
2773
2774
2775
2776
2777
2778
2779
2780
2781
2782
2783
2784
2786
2792
2793
2798
2806
2809
2812
2820
2821
2822
2825
2826
2827
2829
2830
2833
2835
2840
2841
2846
2847
2849
2852
2854
2855
2863
2865
2867
2870
2871
2872
2877
2879
2881
2888
2892
2894
2895
2896
2897
2898
2899
2900
2901
2902
2903
2904
2905
2906
2907
2908
2909
2910
2911
2912
2913
2914
2915
2916
2917
2918
2919
2920
2921
2922
2924
2925
2926
2927
2928
2929
2930
2931
2932
2933
2934
2935
2936
2937
2939
2940
2941
2942
2943
2944
2945
2946
2947
2948
2949
2950
2951
2952
2953
2954
2955
2956
2957
2958
2959
2960
2962
2963
2964
2970
2972
2978
2985
2992
2994
2995
2998
3000
3006
3007
3010
3017
3025
3034
3035
3037
3041
3043
3045
3048
3051
3060
3065
3068
3072
3073
3074
3075
3076
3077
3078
3079
3080
3081
3082
3083
3084
3085
3086
3087
3088
3089
3090
3091
3092
3093
3094
3095
3096
3097
3098
3099
3100
3101
3102
3103
3104
3105
3106
3107
3108
3109
3110
3111
3112
3113
3114
3115
3116
3117
3118
3119
3120
3121
3122
3123
3124
3125
3126
3127
3128
3129
3130
3131
3132
3133
3134
3135
3136
3137
3138
3139
3140
3141
3142
3143
3144
3148
3152
3154
3155
3157
3164
3165
3168
3169
3171
3173
3174
3178
3179
3181
3185
3188
3194
3197
3198
3199
3201
3204
3206
3214
3216
3217
3219
3220
3221
3223
3225
3226
3227
3228
3230
3231
3235
3245
3248
3250
3251
3253
3254
3255
3256
3257
3258
3259
3260
3261
3262
3263
3264
3265
3266
3267
3268
3269
3270
3271
3272
3273
3274
3275
3276
3277
3278
3279
3280
3281
3282
3283
3284
3285
3286
3287
3288
3289
3290
3291
3292
3293
3294
3295
3296
3297
3298
3299
3300
3301
3302
3303
3304
3305
3306
3307
3308
3309
3310
3311
3312
3313
3314
3315
3316
3317
3318
3319
3320
3321
3322
3323
3324
3332
3335
3337
3344
3360
3361
3365
3366
3371
3374
3375
3385
3390
3391
3394
3397
3398
3399
3400
3402
3403
3410
3411
3417
3425
3428
3431
3433
3434
3435
3436
3437
3438
3439
3440
3441
3442
3443
3444
3445
3446
3447
3448
3449
3450
3451
3452
3453
3454
3455
3456
3457
3458
3459
3460
3461
3462
3463
3464
3465
3466
3467
3468
3469
3470
3471
3472
3473
3474
3475
3476
3477
3478
3479
3480
3481
3482
3483
3484
3485
3487
3488
3489
3490
3491
3492
3493
3494
3495
3496
3497
3498
3499
3500
3501
3502
3503
3504
3505
3509
3510
3513
3515
3517
3526
3533
3535
3538
3539
3541
3546
3547
3548
3551
3554
3558
3559
3572
3573
3586
3587
3591
3593
3595
3596
3599
3605
3607
3611
3613
3615
3616
3617
3618
3619
3620
3621
3622
3623
3624
3625
3626
3627
3628
3629
3630
3631
3632
3633
3634
3635
3636
3637
3638
3639
3640
3641
3642
3643
3644
3645
3646
3647
3648
3649
3650
3651
3652
3653
3654
3655
3656
3657
3658
3659
3660
3661
3662
3663
3664
3665
3666
3667
3668
3669
3670
3671
3672
3673
3674
3675
3676
3677
3678
3679
3680
3681
3682
3683
3684
3685
3686
3689
3694
3695
3711
3715
3719
3726
3728
3730
3731
3732
3735
3737
3741
3746
3748
3749
3754
3756
3757
3760
3767
3770
3772
3773
3775
3779
3780
3784
3787
3791
3792
3794
3795
3796
3797
3798
3799
3800
3801
3802
3803
3804
3805
3806
3808
3809
3810
3811
3812
3813
3814
3815
3816
3817
3818
3819
3820
3821
3822
3823
3824
3825
3826
3827
3828
3829
3830
3831
3832
3833
3834
3835
3836
3837
3838
3839
3840
3841
3842
3843
3844
3845
3846
3847
3848
3849
3850
3851
3852
3853
3854
3855
3856
3857
3858
3859
3860
3861
3862
3864
3866
3868
3869
3873
3874
3876
3877
3880
3886
3890
3897
3899
3901
3910
3911
3914
3915
3917
3918
3921
3924
3925
3928
3932
3933
3935
3942
3943
3945
3946
3948
3950
3951
3954
3957
3965
3974
3975
3976
3977
3978
3979
3980
3981
3982
3983
3984
3985
3986
3987
3988
3989
3990
3991
3992
3993
3994
3995
3996
3997
3998
3999
4000
4001
4002
4003
4004
4005
4006
4007
4008
4009
4010
4011
4012
4013
4014
4015
4016
4017
4018
4019
4020
4022
4023
4024
4025
4026
4027
4028
4029
4030
4031
4032
4033
4034
4035
4036
4037
4038
4039
4040
4041
4042
4043
4044
4046
4047
4048
4049
4050
4054
4055
4056
4057
4058
4060
4061
4069
4073
4074
4075
4080
4087
4092
4094
4096
4098
4099
4100
4104
4105
4118
4123
4125
4127
4128
4132
4133
4134
4135
4136
4140
4141
4142
4144
4145
4148
4150
4153
4154
4155
4156
4157
4158
4159
4160
4161
4162
4163
4164
4165
4166
4167
4168
4169
4170
4171
4172
4173
4174
4175
4176
4177
4178
4179
4180
4181
4182
4183
4184
4185
4186
4187
4188
4189
4190
4191
4192
4193
4194
4195
4196
4197
4198
4199
4200
4201
4202
4203
4204
4205
4206
4207
4208
4209
4210
4211
4212
4213
4214
4215
4216
4217
4219
4220
4221
4222
4223
4224
4229
4230
4232
4234
4238
4245
4249
4254
4259
4260
4262
4266
4267
4268
4269
4270
4271
4275
4277
4279
4283
4290
4300
4302
4305
4309
4315
4322
4325
4327
4331
4332
4333
4334
4335
4337
4338
4339
4340
4341
4342
4343
4344
4345
4346
4347
4348
4349
4350
4351
4352
4353
4354
4355
4356
4357
4358
4359
4360
4361
4362
4363
4364
4365
4366
4367
4368
4369
4370
4371
4372
4373
4374
4375
4376
4377
4378
4379
4380
4381
4382
4383
4384
4385
4386
4387
4388
4389
4390
4391
4392
4393
4394
4395
4396
4397
4398
4399
4400
4401
4402
4403
4404
4409
4410
4420
4421
4432
4438
4442
4446
4447
4452
4455
4457
4460
4461
4462
4463
4464
4468
4470
4477
4478
4479
4482
4485
4487
4488
4491
4493
4507
4513
4514
4515
4516
4517
4518
4519
4520
4521
4522
4523
4524
4525
4526
4527
4528
4529
4530
4531
4532
4533
4534
4535
4536
4537
4538
4539
4540
4541
4542
4543
4544
4545
4546
4547
4548
4549
4550
4551
4552
4553
4554
4555
4556
4557
4558
4559
4560
4561
4562
4563
4564
4565
4566
4567
4568
4569
4570
4571
4572
4573
4574
4575
4576
4577
4578
4579
4580
4581
4582
4583
4584
4588
4590
4592
4598
4599
4602
4617
4619
4620
4622
4623
4625
4627
4628
4631
4632
4633
4634
4640
4643
4644
4646
4651
4658
4659
4660
4663
4664
4669
4672
4674
4675
4679
4680
4681
4682
4691
4695
4696
4697
4698
4699
4700
4701
4702
4703
4704
4705
4706
4707
4708
4709
4710
4711
4712
4713
4714
4716
4717
4718
4719
4720
4721
4722
4723
4724
4725
4726
4727
4728
4729
4730
4731
4732
4733
4734
4735
4736
4737
4738
4739
4740
4741
4742
4743
4744
4745
4746
4747
4748
4749
4750
4751
4752
4753
4755
4756
4757
4758
4759
4760
4761
4762
4763
4764
4772
4773
4781
4799
4803
4805
4808
4809
4810
4813
4814
4815
4820
4821
4828
4829
4830
4831
4837
4838
4840
4842
4850
4854
4859
4860
4861
4862
4870
4872
4874
4875
4876
4877
4878
4879
4880
4881
4882
4883
4885
4886
4887
4888
4889
4890
4891
4892
4893
4894
4895
4896
4897
4898
4899
4900
4901
4902
4903
4904
4905
4906
4907
4908
4909
4910
4911
4912
4913
4914
4915
4916
4918
4919
4920
4921
4922
4923
4924
4925
4926
4927
4928
4929
4930
4931
4932
4933
4934
4935
4936
4937
4938
4939
4940
4941
4942
4943
4944
4945
4947
4952
4956
4958
4959
4964
4965
4968
4970
4973
4977
4985
4988
4990
4991
4992
5001
5003
5012
5014
5019
5020
5029
5030
5034
5035
5036
5042
5044
5049
5051
5052
5053
5054
5055
5056
5057
5058
5059
5060
5061
5062
5063
5064
5065
5066
5067
5068
5069
5070
5071
5072
5073
5074
5075
5076
5077
5078
5079
5080
5081
5082
5083
5084
5085
5086
5087
5088
5089
5090
5091
5092
5093
5094
5095
5096
5097
5098
5099
5100
5101
5102
5103
5104
5105
5106
5107
5108
5109
5110
5111
5112
5113
5114
5115
5116
5117
5118
5119
5120
5121
5122
5123
5124
5127
5128
5131
5133
5134
5137
5138
5139
5140
5142
5144
5148
5150
5152
5157
5159
5161
5162
5163
5164
5170
5172
5174
5175
5177
5184
5194
5197
5198
5206
5208
5210
5211
5214
5215
5216
5221
5227
5231
5232
5234
5235
5237
5238
5239
5240
5241
5242
5243
5244
5245
5246
5247
5248
5249
5250
5251
5252
5253
5254
5255
5256
5257
5258
5259
5260
5261
5262
5263
5264
5265
5266
5267
5268
5269
5270
5271
5272
5273
5274
5275
5276
5277
5278
5279
5280
5281
5282
5283
5284
5285
5286
5287
5288
5289
5290
5291
5292
5293
5294
5295
5296
5297
5298
5299
5300
5301
5302
5303
5305
5308
5311
5313
5314
5319
5322
5324
5325
5329
5330
5332
5333
5336
5341
5348
5356
5358
5365
5366
5370
5377
5379
5389
5390
5391
5394
5396
5402
5410
5413
5414
5415
5416
5417
5418
5419
5420
5421
5422
5423
5424
5425
5426
5427
5428
5429
5430
5431
5432
5433
5434
5435
5436
5437
5438
5439
5440
5441
5442
5443
5444
5445
5446
5447
5448
5449
5450
5451
5452
5453
5454
5455
5456
5457
5458
5459
5460
5461
5462
5463
5464
5465
5466
5467
5468
5469
5470
5471
5472
5473
5474
5475
5476
5477
5478
5479
5480
5481
5482
5483
5486
5491
5492
5496
5498
5505
5511
5512
5514
5517
5519
5521
5522
5524
5526
5530
5532
5533
5537
5538
5541
5546
5554
5555
5558
5566
5573
5575
5576
5579
5581
5582
5584
5586
5591
5592
5593
5594
5595
5596
5597
5598
5599
5600
5601
5602
5603
5604
5605
5606
5607
5608
5609
5610
5611
5612
5613
5614
5615
5616
5617
5618
5619
5620
5621
5622
5623
5624
5625
5626
5627
5628
5629
5630
5631
5632
5633
5634
5635
5636
5637
5638
5639
5640
5641
5642
5643
5644
5645
5646
5647
5648
5649
5650
5651
5652
5653
5654
5655
5656
5657
5658
5659
5660
5661
5662
5663
5672
5678
5681
5682
5683
5684
5685
5691
5692
5694
5695
5700
5701
5705
5706
5711
5713
5716
5718
5726
5730
5735
5738
5739
5742
5745
5746
5747
5749
5751
5753
5755
5756
5760
5764
5766
5767
