0.006 1.436 3.788 4.826 4.370 4.465 6.921 7.973 7.301 8.408 10.837 11.509 11.459 12.658 14.501 15.063 15.051 16.651 17.692 17.934 18.475 18.957 19.564 19.126 18.878 17.443 17.774 17.661 15.984 17.956 16.720 17.537 17.836 16.200 13.858 14.031 14.432 11.632 9.432 11.942 10.509 7.398 8.491 10.993 8.530 8.409 11.001 14.070 14.851 16.234 16.937 15.924 13.880 15.987 14.604 11.419 11.924 13.623 14.808 17.036 16.108 19.045 18.190 19.985 20.318 20.474 18.908 18.245 16.314 16.368 15.903 17.736 16.523 18.500 19.313 20.238 20.980 20.821 21.080 21.935 22.377 21.880 21.766 20.835 20.111 19.296 18.391 17.544 14.993 14.660 12.127 13.220 13.834 16.489
0.758 0.000 1.327 2.675 2.927 2.831 2.816 3.904 5.085 4.446 5.030 6.804 7.004 7.120 7.978 9.056 8.995 9.530 9.932 10.772 10.947 10.766 11.166 11.378 12.104 11.095 11.510 11.827 11.589 11.957 12.174 11.928 12.677 10.977 10.092 10.960 10.605 8.890 6.877 8.771 7.836 5.266 6.079 7.610 6.485 5.755 7.416 9.577 10.212 10.638 11.259 11.128 9.849 11.554 10.891 8.986 9.028 10.178 11.161 11.988 12.525 12.414 12.316 12.564 12.704 12.021 12.201 11.689 10.192 10.245 10.320 10.611 10.122 11.011 11.794 11.659 12.303 12.208 12.337 12.840 13.265 12.933 12.949 10.860 10.731 10.817 10.103 10.118 7.762 8.373 6.780 8.773 8.862 11.052
2.312 0.740 0.000 0.772 1.246 1.940 1.808 1.847 3.118 2.375 3.134 3.572 5.089 4.994 4.496 5.156 6.002 6.034 5.922 6.532 7.006 7.223 7.670 7.028 7.003 6.051 6.679 6.018 4.272 4.812 4.412 4.621 5.098 5.249 3.432 4.593 5.195 4.033 3.413 4.904 4.738 3.513 3.976 5.300 4.767 4.660 5.649 7.374 8.030 7.528 7.988 7.227 5.824 6.725 6.329 5.183 5.897 6.509 6.472 6.517 5.932 6.038 5.839 5.667 5.803 5.545 4.715 5.006 4.164 3.202 3.273 3.833 4.497 5.402 6.226 6.226 6.860 6.703 6.573 6.904 7.234 7.286 7.248 6.309 5.798 4.923 4.552 3.878 3.172 3.154 2.742 3.416 4.220 6.106
3.230 1.508 0.544 0.000 0.542 0.765 0.877 0.784 0.954 1.285 1.479 1.542 1.704 1.960 2.105 2.354 2.507 2.748 2.881 3.112 3.293 3.681 3.684 3.427 3.120 2.757 2.594 2.593 2.195 2.537 2.491 2.759 2.998 2.558 2.067 2.180 2.330 2.043 1.674 2.065 2.160 1.783 1.864 2.441 2.612 2.642 2.800 3.359 3.615 3.810 3.362 2.904 2.452 2.564 2.238 2.111 2.222 2.495 2.358 2.405 2.417 2.764 2.884 3.279 3.518 3.819 3.215 3.016 2.539 2.452 2.258 2.544 2.516 2.913 3.098 3.385 3.820 4.059 4.449 5.333 5.690 5.687 5.875 4.283 3.627 3.315 2.870 2.883 2.387 2.456 1.825 2.308 2.755 3.589
3.158 1.554 0.737 0.505 0.000 0.502 0.594 0.643 0.645 0.774 0.926 1.062 1.089 1.212 1.324 1.423 1.619 1.796 1.887 2.073 2.193 2.402 2.486 2.364 2.294 2.041 2.120 2.055 1.763 1.963 1.858 1.991 2.072 1.862 1.600 1.628 1.770 1.559 1.264 1.513 1.618 1.390 1.424 1.768 1.938 1.907 2.124 2.729 3.075 3.214 2.825 2.446 2.025 2.140 1.926 1.669 1.865 2.026 1.925 2.079 1.936 2.229 2.239 2.494 2.579 2.764 2.369 2.204 1.860 1.710 1.664 1.799 1.763 2.113 2.324 2.634 2.944 3.014 3.570 4.460 4.910 4.781 4.815 3.197 2.613 2.282 2.010 1.891 1.771 1.741 1.558 1.836 2.129 3.074
3.196 1.534 0.987 0.659 0.496 0.000 0.512 0.600 0.668 0.651 0.780 0.969 1.055 1.095 1.256 1.435 1.551 1.611 1.838 2.033 2.042 2.197 2.428 2.299 2.304 2.077 2.253 2.137 1.853 2.116 1.963 2.165 2.341 2.186 1.770 1.836 2.065 1.744 1.434 1.768 1.777 1.468 1.580 1.940 2.088 2.111 2.337 2.729 3.144 3.459 3.118 2.659 2.299 2.385 2.146 1.896 2.023 2.243 2.095 2.320 2.154 2.388 2.479 2.636 2.809 2.951 2.446 2.401 2.105 1.910 1.747 1.865 1.754 2.129 2.337 2.646 3.012 3.086 3.539 4.444 4.895 4.742 4.687 3.164 2.477 2.158 1.886 1.821 1.671 1.745 1.593 1.911 2.306 3.183
3.321 1.715 1.019 0.666 0.574 0.497 0.000 0.501 0.571 0.611 0.612 0.737 0.853 0.938 1.004 1.092 1.285 1.362 1.444 1.703 1.811 1.959 2.043 1.808 1.805 1.546 1.667 1.549 1.293 1.392 1.390 1.546 1.728 1.628 1.393 1.405 1.605 1.472 1.230 1.544 1.651 1.471 1.509 1.881 2.124 2.216 2.383 2.716 3.041 3.206 2.795 2.293 1.856 1.896 1.737 1.515 1.689 1.775 1.582 1.693 1.567 1.791 1.740 1.926 2.085 2.204 1.836 1.749 1.536 1.308 1.218 1.301 1.213 1.492 1.703 1.958 2.253 2.316 2.884 3.835 4.369 4.176 4.277 2.680 2.031 1.656 1.430 1.346 1.191 1.384 1.244 1.596 1.853 3.020
3.641 1.881 1.013 0.697 0.589 0.555 0.497 0.000 0.490 0.538 0.562 0.564 0.661 0.803 0.847 0.890 1.088 1.183 1.211 1.353 1.520 1.633 1.721 1.524 1.457 1.216 1.286 1.226 1.057 1.194 1.188 1.432 1.548 1.417 1.196 1.220 1.377 1.269 1.074 1.300 1.416 1.368 1.363 1.670 1.812 1.926 2.088 2.425 2.796 2.943 2.462 1.990 1.620 1.571 1.401 1.231 1.445 1.448 1.248 1.332 1.289 1.445 1.503 1.621 1.892 2.037 1.717 1.694 1.373 1.202 1.061 1.136 1.056 1.282 1.405 1.660 1.978 2.130 2.626 3.709 4.199 4.070 4.137 2.493 1.772 1.512 1.352 1.280 1.189 1.367 1.083 1.540 1.823 2.773
3.540 1.867 1.029 0.751 0.595 0.600 0.557 0.490 0.000 0.491 0.547 0.593 0.597 0.697 0.823 0.908 0.989 1.135 1.223 1.329 1.465 1.641 1.713 1.579 1.532 1.357 1.436 1.407 1.238 1.380 1.320 1.517 1.658 1.541 1.274 1.317 1.483 1.314 1.141 1.397 1.487 1.395 1.404 1.684 1.901 1.942 2.178 2.540 2.927 3.008 2.578 2.098 1.663 1.739 1.532 1.254 1.463 1.553 1.370 1.515 1.453 1.644 1.716 1.844 2.082 2.207 1.865 1.776 1.487 1.365 1.170 1.254 1.180 1.448 1.535 1.840 2.099 2.203 2.739 3.863 4.299 4.158 4.122 2.525 1.862 1.589 1.372 1.349 1.176 1.324 1.112 1.416 1.831 2.731
3.579 2.022 1.212 0.913 0.701 0.649 0.618 0.549 0.491 0.000 0.494 0.577 0.601 0.593 0.700 0.843 0.935 0.963 1.105 1.276 1.336 1.436 1.594 1.479 1.513 1.334 1.507 1.498 1.264 1.485 1.427 1.657 1.797 1.707 1.446 1.441 1.637 1.479 1.232 1.460 1.589 1.408 1.400 1.703 1.938 1.942 2.163 2.484 2.912 3.059 2.622 2.116 1.687 1.752 1.557 1.317 1.482 1.618 1.407 1.578 1.485 1.763 1.801 1.941 2.215 2.337 1.959 1.889 1.598 1.441 1.264 1.294 1.154 1.460 1.529 1.852 2.103 2.170 2.765 3.787 4.314 4.178 4.037 2.463 1.731 1.480 1.285 1.269 1.121 1.331 1.265 1.537 1.989 2.842
3.568 1.980 1.229 0.951 0.800 0.685 0.606 0.536 0.520 0.490 0.000 0.489 0.540 0.562 0.561 0.647 0.770 0.839 0.868 1.018 1.135 1.212 1.287 1.113 1.160 0.965 1.094 1.019 0.904 1.036 1.086 1.271 1.452 1.424 1.205 1.217 1.419 1.332 1.201 1.375 1.558 1.425 1.443 1.762 1.972 2.009 2.254 2.596 2.943 3.066 2.542 2.030 1.546 1.560 1.355 1.174 1.367 1.382 1.142 1.185 1.170 1.327 1.359 1.440 1.768 1.885 1.560 1.560 1.331 1.128 0.907 0.870 0.785 0.952 1.051 1.324 1.606 1.651 2.351 3.409 4.007 3.811 3.780 2.067 1.364 1.096 0.930 0.962 0.826 1.159 1.159 1.396 1.871 2.733
3.545 2.218 1.270 0.971 0.816 0.751 0.642 0.547 0.529 0.512 0.488 0.000 0.489 0.520 0.531 0.524 0.607 0.705 0.731 0.846 0.982 1.072 1.118 0.968 0.996 0.840 0.956 0.927 0.855 0.987 1.022 1.196 1.340 1.296 1.105 1.123 1.307 1.219 1.108 1.290 1.431 1.367 1.386 1.598 1.856 1.922 2.145 2.521 2.820 2.906 2.316 1.819 1.439 1.395 1.181 1.077 1.253 1.241 0.961 1.123 1.072 1.260 1.298 1.378 1.662 1.860 1.496 1.475 1.242 1.055 0.903 0.864 0.766 0.913 0.999 1.255 1.487 1.585 2.288 3.291 3.971 3.777 3.790 2.038 1.341 1.074 1.102 0.994 0.930 1.148 1.087 1.342 1.725 2.644
3.451 2.319 1.470 1.139 0.949 0.879 0.793 0.640 0.587 0.554 0.528 0.489 0.000 0.492 0.540 0.556 0.562 0.652 0.760 0.821 0.902 1.086 1.162 1.073 1.105 0.952 1.082 1.037 0.934 1.095 1.098 1.289 1.439 1.434 1.217 1.208 1.362 1.322 1.170 1.332 1.497 1.441 1.438 1.702 2.010 2.058 2.259 2.634 2.953 2.960 2.424 1.879 1.447 1.460 1.288 1.108 1.289 1.324 1.094 1.198 1.136 1.305 1.388 1.558 1.806 2.014 1.632 1.621 1.386 1.226 0.987 0.990 0.860 1.060 1.123 1.461 1.662 1.831 2.459 3.536 4.032 3.911 3.831 2.240 1.489 1.248 1.050 1.126 0.981 1.263 1.164 1.444 1.860 2.647
3.452 2.179 1.625 1.285 1.043 0.974 0.901 0.801 0.679 0.610 0.581 0.530 0.493 0.000 0.493 0.540 0.576 0.567 0.672 0.792 0.855 0.981 1.130 1.030 1.112 0.966 1.181 1.211 1.084 1.274 1.309 1.529 1.732 1.694 1.431 1.481 1.662 1.585 1.397 1.619 1.730 1.609 1.631 1.890 2.176 2.214 2.390 2.728 2.962 3.078 2.589 2.064 1.677 1.667 1.449 1.258 1.352 1.414 1.218 1.354 1.333 1.580 1.636 1.792 2.015 2.140 1.799 1.763 1.564 1.389 1.143 1.083 0.895 1.095 1.154 1.523 1.717 1.822 2.505 3.505 4.091 3.897 3.810 2.107 1.382 1.123 0.970 1.105 1.050 1.316 1.291 1.611 2.026 2.852
3.668 2.258 1.584 1.258 1.114 1.015 0.903 0.814 0.729 0.642 0.571 0.541 0.520 0.492 0.000 0.491 0.545 0.585 0.555 0.668 0.818 0.915 0.991 0.830 0.897 0.774 0.962 0.970 0.929 1.056 1.165 1.382 1.564 1.535 1.326 1.319 1.566 1.452 1.351 1.549 1.715 1.619 1.675 1.889 2.209 2.280 2.468 2.682 3.042 3.172 2.600 2.059 1.621 1.597 1.327 1.228 1.387 1.351 1.073 1.155 1.178 1.307 1.405 1.519 1.882 2.006 1.641 1.649 1.459 1.208 1.023 0.925 0.742 0.834 0.917 1.209 1.407 1.506 2.315 3.322 3.836 3.627 3.477 2.048 1.253 0.948 0.803 0.962 0.951 1.243 1.235 1.486 1.855 2.728
3.446 2.329 1.616 1.312 1.138 1.088 0.955 0.825 0.786 0.701 0.601 0.538 0.521 0.509 0.487 0.000 0.489 0.526 0.532 0.544 0.651 0.792 0.847 0.763 0.827 0.726 0.906 0.913 0.884 1.022 1.076 1.271 1.470 1.447 1.231 1.266 1.495 1.404 1.309 1.492 1.666 1.590 1.592 1.873 2.177 2.224 2.360 2.743 3.028 3.033 2.501 1.944 1.538 1.495 1.297 1.165 1.285 1.297 0.996 1.139 1.134 1.273 1.349 1.462 1.794 1.913 1.569 1.560 1.347 1.139 0.936 0.883 0.732 0.829 0.898 1.191 1.386 1.490 2.203 3.331 3.956 3.659 3.632 1.970 1.184 0.956 0.937 1.026 0.992 1.239 1.154 1.427 1.839 2.629
3.562 2.443 1.852 1.501 1.273 1.233 1.141 0.974 0.889 0.828 0.732 0.613 0.564 0.557 0.524 0.490 0.000 0.495 0.549 0.580 0.589 0.760 0.870 0.867 0.936 0.820 0.994 1.027 0.960 1.150 1.226 1.505 1.687 1.714 1.471 1.428 1.691 1.604 1.464 1.614 1.827 1.732 1.720 2.035 2.319 2.376 2.451 2.771 3.044 3.083 2.534 2.012 1.615 1.582 1.389 1.239 1.333 1.346 1.073 1.210 1.193 1.384 1.516 1.694 2.027 2.196 1.789 1.840 1.596 1.374 1.132 1.052 0.852 0.962 1.030 1.313 1.502 1.631 2.369 3.482 4.070 3.871 3.868 2.038 1.340 1.093 1.002 1.149 1.134 1.401 1.406 1.689 2.169 2.890
3.726 2.519 1.905 1.594 1.393 1.307 1.208 1.113 1.004 0.898 0.827 0.731 0.644 0.585 0.557 0.519 0.492 0.000 0.491 0.555 0.604 0.661 0.804 0.782 0.889 0.813 1.025 1.100 1.071 1.248 1.355 1.635 1.814 1.803 1.605 1.631 1.867 1.779 1.643 1.836 1.988 1.889 1.886 2.178 2.499 2.574 2.637 3.004 3.195 3.316 2.760 2.165 1.798 1.702 1.500 1.378 1.439 1.389 1.184 1.310 1.323 1.522 1.653 1.779 2.039 2.185 1.847 1.949 1.696 1.459 1.223 1.092 0.880 0.966 0.981 1.290 1.454 1.535 2.290 3.449 3.983 3.683 3.571 1.933 1.160 1.035 0.988 1.164 1.213 1.453 1.456 1.811 2.121 2.920
3.767 2.611 1.988 1.651 1.477 1.411 1.280 1.135 1.088 0.984 0.867 0.776 0.730 0.640 0.566 0.536 0.526 0.493 0.000 0.497 0.567 0.632 0.695 0.635 0.813 0.762 0.951 1.000 1.000 1.211 1.341 1.619 1.786 1.832 1.585 1.601 1.872 1.770 1.669 1.834 2.056 1.934 1.957 2.254 2.533 2.603 2.732 2.997 3.188 3.299 2.755 2.236 1.821 1.702 1.452 1.393 1.506 1.428 1.131 1.263 1.287 1.464 1.605 1.735 2.053 2.131 1.824 1.911 1.698 1.424 1.200 1.066 0.889 0.873 0.907 1.199 1.379 1.427 2.163 3.400 3.889 3.714 3.605 1.872 1.133 1.061 0.993 1.180 1.209 1.400 1.478 1.774 2.122 2.925
3.909 2.889 2.249 1.959 1.679 1.626 1.492 1.314 1.239 1.173 1.031 0.884 0.857 0.765 0.633 0.562 0.555 0.534 0.490 0.000 0.497 0.588 0.664 0.659 0.779 0.782 0.991 1.063 1.081 1.259 1.402 1.685 1.924 2.011 1.728 1.673 2.101 1.990 1.791 2.026 2.309 2.161 2.150 2.518 2.864 2.910 2.964 3.260 3.456 3.495 2.925 2.327 1.937 1.838 1.635 1.514 1.591 1.545 1.247 1.372 1.398 1.547 1.655 1.801 2.181 2.285 1.946 2.019 1.853 1.572 1.282 1.122 0.911 0.918 0.929 1.234 1.404 1.501 2.155 3.302 3.886 3.643 3.500 1.916 1.211 1.050 1.075 1.243 1.323 1.628 1.649 2.031 2.379 3.048
4.326 3.287 2.665 2.345 2.067 1.973 1.906 1.702 1.523 1.495 1.369 1.119 1.059 1.030 0.900 0.706 0.665 0.653 0.569 0.499 0.000 0.522 0.682 0.767 0.965 0.901 1.183 1.279 1.318 1.664 1.796 2.153 2.354 2.452 2.140 2.109 2.440 2.428 2.175 2.321 2.649 2.514 2.474 2.789 3.176 3.191 3.301 3.518 3.668 3.679 3.156 2.570 2.161 2.022 1.790 1.684 1.713 1.665 1.380 1.557 1.629 1.886 2.076 2.268 2.631 2.770 2.396 2.519 2.320 2.040 1.709 1.495 1.144 1.178 1.155 1.529 1.678 1.761 2.596 3.641 4.286 3.998 3.796 2.210 1.465 1.294 1.333 1.586 1.698 2.069 2.115 2.529 2.835 3.521
4.774 3.430 2.927 2.675 2.512 2.232 2.130 2.018 1.794 1.697 1.572 1.423 1.262 1.163 1.091 0.931 0.775 0.702 0.629 0.584 0.511 0.000 0.537 0.635 0.972 1.049 1.397 1.628 1.682 1.985 2.242 2.528 2.781 2.880 2.583 2.665 2.977 2.872 2.629 2.901 3.180 2.959 2.970 3.305 3.681 3.706 3.744 4.038 4.211 4.224 3.792 3.180 2.743 2.556 2.269 2.088 2.086 2.049 1.723 1.971 2.146 2.305 2.529 2.648 2.966 3.049 2.753 2.939 2.764 2.348 2.055 1.702 1.317 1.282 1.155 1.654 1.711 1.645 2.528 3.534 3.971 3.784 3.607 2.044 1.431 1.385 1.371 1.769 1.929 2.318 2.500 2.944 3.126 3.934
5.376 4.272 3.655 3.261 3.017 2.879 2.640 2.534 2.333 2.254 2.023 1.868 1.710 1.509 1.364 1.262 1.156 0.926 0.889 0.762 0.666 0.538 0.000 0.561 0.861 1.077 1.399 1.826 1.955 2.345 2.634 2.999 3.447 3.553 3.244 3.313 3.673 3.614 3.408 3.620 4.011 3.814 3.801 4.200 4.516 4.525 4.681 4.933 5.057 4.855 4.487 3.861 3.309 2.984 2.628 2.542 2.504 2.366 1.941 2.200 2.396 2.564 2.864 3.024 3.489 3.666 3.179 3.436 3.217 2.812 2.512 2.108 1.628 1.463 1.077 1.528 1.513 1.703 2.603 3.557 4.107 3.949 3.658 2.320 1.496 1.599 1.688 2.200 2.309 2.779 2.951 3.474 3.667 4.353
4.654 3.515 2.894 2.595 2.312 2.238 2.123 1.904 1.799 1.763 1.571 1.372 1.346 1.310 1.135 0.952 1.013 0.950 0.719 0.673 0.755 0.695 0.520 0.000 0.519 0.687 0.851 1.074 1.268 1.487 1.735 2.020 2.207 2.334 2.130 2.047 2.370 2.452 2.207 2.353 2.654 2.634 2.573 2.810 3.227 3.395 3.325 3.589 3.698 3.621 3.051 2.527 2.173 1.858 1.654 1.740 1.745 1.505 1.206 1.309 1.528 1.685 1.901 2.031 2.399 2.502 2.259 2.416 2.301 1.987 1.672 1.356 1.144 0.997 0.826 1.168 1.309 1.439 2.161 3.281 3.863 3.768 3.405 2.011 1.159 1.176 1.310 1.585 1.776 2.179 2.291 2.649 2.874 3.576
4.736 3.624 3.097 2.778 2.415 2.424 2.353 2.023 1.862 1.934 1.768 1.488 1.456 1.561 1.327 1.070 1.205 1.259 0.954 0.878 1.101 1.015 0.766 0.521 0.000 0.512 0.639 0.872 1.103 1.376 1.618 2.022 2.201 2.494 2.204 2.042 2.409 2.552 2.250 2.290 2.711 2.683 2.525 2.751 3.297 3.335 3.172 3.547 3.575 3.508 2.915 2.357 1.895 1.638 1.470 1.575 1.678 1.445 1.022 1.139 1.301 1.452 1.717 2.047 2.413 2.675 2.378 2.560 2.564 2.082 1.728 1.467 1.118 0.919 0.765 1.077 1.229 1.490 2.315 3.410 3.984 3.660 3.824 2.132 1.381 1.406 1.549 1.785 2.005 2.401 2.433 2.920 3.254 3.923
4.553 3.540 2.969 2.578 2.242 2.237 2.191 1.883 1.743 1.816 1.747 1.411 1.382 1.465 1.304 1.005 1.140 1.257 0.943 0.919 1.134 1.133 1.010 0.721 0.505 0.000 0.510 0.721 0.963 1.182 1.454 1.859 2.029 2.204 1.960 1.785 2.145 2.239 2.027 2.073 2.419 2.430 2.319 2.540 3.003 3.116 3.043 3.269 3.284 3.319 2.659 2.091 1.705 1.428 1.276 1.362 1.516 1.256 0.893 0.931 1.103 1.290 1.543 1.821 2.279 2.428 2.145 2.298 2.216 1.874 1.574 1.304 0.985 0.898 0.772 1.016 1.227 1.464 2.183 3.383 3.859 3.699 3.653 2.118 1.357 1.307 1.435 1.668 1.824 2.105 2.176 2.499 2.872 3.670
4.806 3.660 3.072 2.663 2.317 2.352 2.221 1.938 1.793 1.886 1.699 1.380 1.393 1.535 1.303 1.048 1.216 1.240 1.005 1.075 1.295 1.212 1.167 0.876 0.691 0.507 0.000 0.524 0.789 1.036 1.297 1.641 1.824 2.140 1.861 1.694 1.982 2.170 1.989 1.894 2.323 2.436 2.290 2.453 3.015 3.177 3.101 3.342 3.364 3.197 2.540 1.931 1.557 1.297 1.172 1.316 1.476 1.235 0.787 0.698 0.897 1.063 1.325 1.609 2.037 2.216 2.034 2.159 2.231 1.832 1.471 1.227 0.900 0.753 0.726 0.949 1.210 1.427 2.091 3.420 4.031 3.762 3.800 2.057 1.365 1.284 1.367 1.505 1.789 2.209 2.196 2.687 3.126 3.737
4.168 3.102 2.510 2.002 1.880 1.973 1.818 1.454 1.506 1.665 1.385 1.118 1.385 1.502 1.234 1.140 1.464 1.463 1.244 1.373 1.724 1.652 1.606 1.198 0.928 0.675 0.515 0.000 0.499 0.739 0.827 1.158 1.488 1.447 1.221 1.249 1.567 1.558 1.483 1.656 1.958 2.037 2.066 2.272 2.710 2.881 2.961 3.118 3.308 3.315 2.710 2.049 1.558 1.382 1.169 1.211 1.441 1.225 0.738 0.730 0.762 1.049 1.198 1.419 1.832 1.938 1.544 1.562 1.342 1.152 0.813 0.792 0.674 0.794 0.807 1.064 1.313 1.628 2.392 3.527 4.120 4.026 3.931 2.315 1.439 1.182 1.105 1.193 1.271 1.701 1.414 1.632 2.092 2.787
4.084 3.029 2.339 1.820 1.648 1.726 1.585 1.295 1.303 1.434 1.274 1.010 1.195 1.384 1.118 1.017 1.326 1.368 1.178 1.302 1.557 1.560 1.574 1.270 1.102 0.816 0.674 0.506 0.000 0.505 0.634 0.828 1.048 1.155 1.010 1.010 1.227 1.355 1.287 1.402 1.617 1.719 1.758 1.960 2.336 2.495 2.571 2.768 2.920 2.849 2.288 1.697 1.296 1.171 0.982 1.053 1.283 1.037 0.729 0.681 0.642 0.680 0.761 0.957 1.295 1.480 1.205 1.241 1.138 0.934 0.689 0.662 0.638 0.737 0.919 1.076 1.449 1.676 2.210 3.281 3.810 3.755 3.744 2.084 1.410 1.067 1.026 1.060 1.133 1.326 1.288 1.531 1.932 2.759
4.075 2.751 2.174 1.719 1.588 1.601 1.472 1.224 1.269 1.337 1.156 0.970 1.128 1.194 1.015 0.959 1.189 1.217 1.096 1.212 1.429 1.424 1.403 1.184 1.086 0.842 0.816 0.651 0.496 0.000 0.502 0.644 0.866 0.930 0.843 0.841 1.052 1.150 1.126 1.232 1.480 1.584 1.633 1.785 2.120 2.305 2.379 2.603 2.898 2.833 2.210 1.605 1.253 1.153 1.066 1.128 1.334 1.201 0.859 0.790 0.652 0.632 0.661 0.775 1.102 1.294 1.006 1.048 0.968 0.813 0.594 0.574 0.597 0.723 0.909 1.106 1.407 1.595 2.253 3.410 3.879 3.726 3.769 2.127 1.296 0.976 0.898 0.938 1.000 1.142 1.180 1.379 1.810 2.544
3.949 2.770 2.092 1.565 1.389 1.562 1.403 1.149 1.202 1.378 1.205 1.038 1.261 1.353 1.159 1.155 1.446 1.431 1.323 1.514 1.772 1.684 1.725 1.387 1.335 1.053 1.012 0.748 0.607 0.499 0.000 0.505 0.689 0.757 0.687 0.715 0.915 0.971 0.982 1.113 1.313 1.405 1.471 1.632 1.910 2.173 2.300 2.463 2.708 2.739 2.159 1.583 1.204 1.211 1.152 1.253 1.429 1.378 0.994 0.912 0.707 0.662 0.603 0.725 1.062 1.299 0.976 0.931 0.864 0.755 0.593 0.675 0.805 0.945 1.101 1.237 1.523 1.725 2.339 3.436 4.003 3.913 3.962 2.194 1.520 1.189 1.135 1.103 1.063 1.240 1.191 1.274 1.745 2.506
4.423 3.017 2.400 1.860 1.705 1.817 1.655 1.396 1.445 1.625 1.418 1.232 1.483 1.612 1.379 1.432 1.697 1.730 1.658 1.859 2.031 2.077 2.062 1.836 1.756 1.413 1.460 1.085 0.827 0.670 0.512 0.000 0.504 0.611 0.643 0.664 0.781 1.056 1.102 1.219 1.423 1.557 1.658 1.829 2.210 2.377 2.521 2.750 2.924 2.959 2.409 1.830 1.516 1.501 1.449 1.457 1.697 1.738 1.307 1.218 1.030 0.956 0.778 0.890 1.085 1.323 1.014 0.954 0.956 0.827 0.713 0.913 1.026 1.220 1.542 1.743 2.065 2.251 2.753 3.725 4.512 4.253 4.306 2.627 1.997 1.521 1.354 1.228 1.176 1.335 1.412 1.464 1.902 2.749
4.355 2.970 2.333 1.861 1.714 1.927 1.898 1.556 1.694 1.944 1.779 1.608 1.926 2.050 1.823 1.871 2.203 2.223 2.033 2.332 2.580 2.513 2.472 2.215 2.172 1.828 1.771 1.444 1.180 0.927 0.682 0.509 0.000 0.494 0.574 0.645 0.611 0.750 0.913 0.995 1.057 1.319 1.446 1.548 1.835 2.085 2.252 2.438 2.783 2.835 2.399 1.783 1.568 1.700 1.747 1.769 2.070 2.073 1.656 1.580 1.304 1.152 0.898 0.954 1.090 1.325 1.000 0.861 0.904 0.942 0.929 1.124 1.322 1.491 1.763 1.855 2.209 2.332 2.686 3.647 4.224 4.027 4.118 2.617 2.017 1.668 1.663 1.498 1.434 1.480 1.350 1.476 1.901 2.861
3.819 2.545 1.850 1.420 1.287 1.447 1.397 1.206 1.341 1.513 1.444 1.390 1.654 1.738 1.589 1.749 2.002 2.001 1.963 2.236 2.391 2.380 2.464 2.178 2.179 1.837 1.739 1.507 1.221 1.026 0.759 0.571 0.494 0.000 0.492 0.560 0.596 0.590 0.715 0.866 0.984 1.052 1.198 1.390 1.626 1.837 2.050 2.283 2.628 2.723 2.264 1.672 1.422 1.563 1.553 1.594 1.850 1.921 1.614 1.477 1.256 1.204 0.930 0.978 1.089 1.275 0.997 0.756 0.733 0.882 0.915 1.205 1.360 1.594 1.829 1.966 2.382 2.474 2.880 3.829 4.431 4.317 4.424 2.794 2.120 1.812 1.646 1.466 1.353 1.294 1.096 1.155 1.693 2.524
3.917 2.631 1.848 1.365 1.176 1.370 1.348 1.072 1.171 1.376 1.300 1.145 1.398 1.557 1.459 1.497 1.754 1.823 1.776 1.928 2.141 2.155 2.180 1.909 1.841 1.511 1.445 1.204 0.975 0.866 0.632 0.550 0.552 0.490 0.000 0.488 0.538 0.566 0.557 0.663 0.835 0.920 0.982 1.169 1.453 1.645 1.867 2.122 2.435 2.532 2.061 1.509 1.227 1.289 1.251 1.283 1.539 1.568 1.291 1.191 0.987 1.017 0.882 0.968 1.137 1.272 1.001 0.840 0.703 0.770 0.775 0.994 1.187 1.386 1.555 1.724 2.085 2.209 2.718 3.637 4.147 4.130 4.103 2.660 1.992 1.616 1.513 1.244 1.235 1.186 1.029 1.353 1.638 2.539
3.741 2.451 1.804 1.380 1.205 1.386 1.316 1.082 1.203 1.382 1.263 1.180 1.403 1.543 1.359 1.441 1.704 1.710 1.648 1.863 2.032 2.017 2.040 1.808 1.742 1.449 1.404 1.182 0.961 0.854 0.655 0.575 0.558 0.533 0.489 0.000 0.490 0.526 0.574 0.581 0.692 0.844 0.891 1.011 1.278 1.495 1.630 1.899 2.279 2.432 1.993 1.335 1.102 1.254 1.219 1.274 1.538 1.577 1.279 1.164 0.958 0.981 0.855 0.975 1.190 1.313 0.963 0.841 0.749 0.775 0.778 0.955 1.112 1.265 1.491 1.611 1.926 2.014 2.515 3.533 3.999 4.003 3.921 2.381 1.785 1.402 1.324 1.140 1.123 1.140 1.063 1.159 1.635 2.489
4.008 2.585 1.895 1.451 1.320 1.556 1.503 1.289 1.431 1.667 1.595 1.456 1.737 1.870 1.719 1.806 2.093 2.113 2.019 2.273 2.483 2.416 2.430 2.148 2.087 1.764 1.644 1.375 1.152 0.951 0.771 0.654 0.583 0.576 0.529 0.491 0.000 0.495 0.560 0.605 0.625 0.782 0.942 1.014 1.298 1.470 1.667 1.977 2.410 2.505 2.133 1.530 1.325 1.490 1.443 1.564 1.830 1.857 1.565 1.411 1.161 1.105 0.945 1.019 1.212 1.443 1.095 0.974 0.923 0.942 0.962 1.159 1.345 1.475 1.719 1.832 2.158 2.303 2.723 3.738 4.328 4.152 4.229 2.659 2.046 1.709 1.630 1.500 1.392 1.402 1.121 1.331 1.775 2.706
3.502 2.289 1.623 1.285 1.152 1.313 1.349 1.138 1.271 1.415 1.418 1.333 1.525 1.676 1.567 1.671 1.945 1.937 1.939 2.132 2.334 2.324 2.397 2.156 2.099 1.774 1.684 1.412 1.204 1.063 0.846 0.768 0.671 0.575 0.538 0.513 0.492 0.000 0.489 0.539 0.598 0.636 0.777 0.952 1.179 1.345 1.550 1.893 2.355 2.532 2.095 1.508 1.255 1.401 1.366 1.416 1.670 1.688 1.488 1.393 1.199 1.218 1.044 1.152 1.262 1.463 1.192 1.049 0.917 0.970 1.006 1.203 1.353 1.543 1.778 1.932 2.303 2.412 2.846 3.738 4.315 4.197 4.338 2.740 2.101 1.757 1.653 1.435 1.341 1.288 1.127 1.082 1.684 2.625
3.686 2.467 1.866 1.437 1.208 1.455 1.469 1.277 1.333 1.645 1.581 1.452 1.743 1.923 1.829 1.911 2.183 2.238 2.220 2.458 2.654 2.674 2.713 2.497 2.370 2.000 1.934 1.646 1.335 1.187 0.962 0.870 0.797 0.657 0.574 0.568 0.536 0.493 0.000 0.495 0.566 0.631 0.653 0.809 1.068 1.297 1.470 1.832 2.276 2.446 2.095 1.572 1.239 1.502 1.483 1.417 1.809 1.941 1.677 1.548 1.309 1.357 1.206 1.320 1.398 1.549 1.283 1.116 1.002 1.076 1.103 1.398 1.563 1.823 2.027 2.192 2.613 2.697 3.107 4.024 4.580 4.486 4.583 3.065 2.444 2.043 1.878 1.588 1.491 1.506 1.279 1.339 1.881 2.644
4.033 2.618 1.911 1.565 1.264 1.543 1.563 1.298 1.435 1.746 1.643 1.541 1.885 2.047 1.864 2.016 2.306 2.348 2.273 2.542 2.736 2.772 2.833 2.591 2.500 2.140 2.019 1.719 1.427 1.253 1.017 0.994 0.981 0.812 0.675 0.616 0.591 0.557 0.492 0.000 0.498 0.592 0.652 0.679 0.970 1.178 1.384 1.667 2.128 2.412 2.057 1.517 1.293 1.564 1.573 1.593 1.980 2.054 1.769 1.647 1.430 1.448 1.304 1.434 1.596 1.780 1.431 1.290 1.126 1.159 1.158 1.405 1.612 1.841 2.095 2.293 2.637 2.769 3.152 4.092 4.676 4.503 4.629 3.020 2.400 2.043 1.932 1.666 1.543 1.543 1.325 1.542 1.998 2.834
3.701 2.516 2.176 1.747 1.469 1.797 1.925 1.609 1.773 2.163 2.087 1.962 2.366 2.575 2.414 2.503 2.934 2.941 2.927 3.209 3.437 3.422 3.406 3.144 3.004 2.508 2.346 2.027 1.680 1.538 1.201 1.199 1.098 1.041 0.932 0.718 0.655 0.700 0.584 0.498 0.000 0.515 0.655 0.705 0.855 1.098 1.345 1.730 2.355 2.479 2.225 1.716 1.494 1.764 1.842 1.881 2.358 2.428 2.134 1.948 1.599 1.623 1.439 1.591 1.711 1.958 1.702 1.529 1.413 1.514 1.524 1.784 2.041 2.224 2.546 2.608 3.053 3.204 3.539 4.329 4.909 4.840 4.882 3.535 2.969 2.522 2.441 2.145 1.986 1.992 1.614 1.740 2.343 3.264
3.460 2.514 2.164 1.642 1.326 1.627 1.808 1.539 1.650 1.984 2.087 1.985 2.212 2.519 2.405 2.533 2.845 2.966 2.953 3.115 3.419 3.530 3.502 3.261 3.055 2.633 2.522 2.243 1.868 1.759 1.394 1.359 1.184 1.043 1.000 0.870 0.710 0.713 0.624 0.587 0.508 0.000 0.514 0.676 0.900 1.022 1.217 1.656 2.285 2.592 2.292 1.826 1.540 1.793 1.843 1.854 2.187 2.398 2.181 2.035 1.776 1.846 1.629 1.821 1.861 2.061 1.881 1.577 1.434 1.623 1.633 2.016 2.180 2.481 2.765 2.874 3.340 3.470 3.770 4.609 5.084 5.058 5.102 3.727 3.165 2.751 2.612 2.309 2.129 2.021 1.687 1.746 2.295 3.045
3.925 2.439 2.010 1.653 1.303 1.655 1.781 1.637 1.682 2.038 2.063 2.054 2.353 2.539 2.434 2.652 3.016 3.074 3.101 3.404 3.626 3.719 3.790 3.510 3.224 2.791 2.629 2.373 2.005 1.894 1.507 1.540 1.435 1.226 1.127 1.036 0.899 0.791 0.659 0.633 0.614 0.503 0.000 0.513 0.746 0.925 1.137 1.515 2.113 2.435 2.140 1.842 1.510 1.883 1.908 1.924 2.316 2.499 2.246 2.182 1.891 1.983 1.834 2.047 2.090 2.332 2.075 1.798 1.553 1.748 1.765 2.124 2.299 2.660 2.938 2.997 3.509 3.705 3.928 4.826 5.382 5.282 5.337 3.946 3.385 2.885 2.622 2.370 2.181 2.003 1.787 1.797 2.256 3.144
4.144 2.746 2.500 2.131 1.614 2.009 2.252 1.861 2.002 2.500 2.437 2.282 2.698 2.886 2.679 2.898 3.340 3.338 3.351 3.638 3.867 3.938 3.985 3.723 3.711 3.104 3.042 2.654 2.356 2.206 1.852 2.060 1.815 1.707 1.413 1.311 1.307 1.165 0.886 0.766 0.735 0.717 0.520 0.000 0.595 0.902 1.045 1.647 2.078 2.525 2.429 2.076 1.840 2.296 2.315 2.240 2.661 2.923 2.667 2.537 2.215 2.345 2.187 2.447 2.536 2.844 2.443 2.241 2.149 2.118 2.165 2.322 2.565 2.902 3.300 3.385 3.893 3.962 4.238 4.938 5.387 5.230 5.218 4.003 3.566 3.126 2.929 2.740 2.458 2.458 2.218 2.342 2.874 3.681
4.084 3.008 3.000 2.636 2.134 2.596 3.046 2.604 2.727 3.336 3.432 3.145 3.627 3.885 3.983 3.962 4.459 4.559 4.567 4.853 5.063 5.223 5.246 4.849 4.808 4.022 3.898 3.587 3.049 2.930 2.404 2.570 2.397 2.148 2.049 1.636 1.537 1.542 1.278 0.968 0.900 0.880 0.760 0.534 0.000 0.607 0.992 1.534 2.268 2.593 2.597 2.250 2.110 2.732 2.886 2.703 3.294 3.654 3.257 3.177 2.675 2.827 2.638 3.063 3.041 3.565 3.199 3.007 2.850 3.038 2.891 3.437 3.551 3.962 4.302 4.264 4.864 4.872 5.141 5.734 6.123 6.172 6.158 5.186 4.751 4.359 4.122 3.957 3.551 3.430 2.897 3.179 4.013 4.667
4.203 2.999 3.291 2.863 2.246 2.810 3.461 3.175 3.044 3.690 4.467 3.994 4.138 4.641 4.693 4.582 5.131 5.279 5.409 5.704 5.949 6.165 6.096 5.838 5.556 4.773 4.894 4.349 3.932 3.836 3.269 3.222 3.019 3.116 2.658 2.367 2.158 2.144 1.849 1.475 1.192 1.186 1.214 0.884 0.555 0.000 0.597 1.337 2.492 2.897 2.929 2.785 2.712 3.219 3.350 3.351 3.807 4.238 4.046 3.861 3.637 3.849 3.589 4.132 3.970 4.384 4.167 3.846 3.491 4.010 3.750 4.265 4.365 4.869 5.414 5.257 5.899 6.143 6.147 6.798 7.189 7.147 7.309 6.198 5.807 5.234 4.973 4.775 4.693 4.188 3.651 3.735 4.257 4.936
4.523 3.400 3.632 3.185 2.719 3.442 3.913 3.608 3.907 4.566 4.562 4.704 5.278 5.867 5.998 5.943 7.156 7.161 7.223 8.006 8.034 8.245 8.197 7.585 7.387 6.501 6.339 5.727 5.073 5.111 4.625 4.602 4.533 4.061 3.692 3.399 3.099 2.934 2.711 2.347 1.896 1.475 1.353 1.285 1.019 0.645 0.000 0.834 1.997 3.264 3.299 3.311 3.268 3.880 3.995 4.151 4.688 5.046 5.012 5.009 4.609 4.903 4.954 5.485 5.651 6.301 5.345 5.144 4.624 4.710 4.706 5.613 5.731 6.538 7.335 7.084 7.753 8.060 7.715 8.625 9.192 9.089 9.222 8.079 7.670 6.705 6.757 5.836 5.158 4.940 4.517 4.368 4.653 5.318
5.741 4.537 4.647 5.158 3.927 4.430 5.273 5.624 5.556 5.961 6.639 6.874 7.209 7.765 8.117 8.334 8.905 9.161 9.479 10.272 10.335 10.534 11.125 10.378 10.391 9.232 8.817 8.382 7.870 7.806 7.638 8.328 7.715 7.276 6.713 6.091 5.389 5.257 4.794 3.977 3.578 3.124 2.449 2.250 2.436 1.759 0.851 0.000 1.437 2.895 3.515 4.527 4.526 5.816 6.253 5.897 6.442 7.336 7.100 7.017 7.303 7.504 7.827 8.746 9.127 9.732 9.084 9.325 8.303 8.543 8.083 8.427 8.576 9.306 10.134 10.280 11.199 11.073 11.242 12.199 12.632 12.823 12.446 11.511 10.753 9.812 9.543 9.058 8.170 8.410 7.189 7.446 8.050 9.092
10.330 9.674 11.468 11.920 9.910 11.809 13.087 13.023 12.399 14.041 14.850 14.346 15.019 16.349 16.666 16.377 17.274 17.660 17.950 18.227 18.712 19.257 18.975 18.402 17.192 16.493 14.905 13.656 13.124 12.681 12.154 12.833 11.143 11.808 11.323 9.469 9.174 10.131 8.973 6.499 7.237 7.331 5.156 3.871 4.440 4.543 3.721 1.348 0.000 1.055 2.818 4.565 6.995 8.677 10.807 11.487 12.971 13.731 12.940 12.225 10.643 10.424 10.412 12.456 12.599 14.834 14.897 14.676 14.227 14.938 13.741 15.439 15.080 16.188 16.679 15.775 16.973 17.476 17.241 17.835 18.270 18.799 18.722 18.593 17.862 17.105 17.027 16.811 15.628 16.005 14.425 14.340 15.736 17.032
12.455 12.856 14.196 13.349 12.432 14.156 14.470 13.196 13.949 15.369 15.531 14.801 14.981 16.582 15.945 15.418 17.203 17.161 16.588 17.619 18.582 18.485 18.474 17.235 16.968 14.657 14.068 12.258 12.003 11.120 10.248 11.461 10.147 11.295 11.652 8.653 8.546 9.538 8.812 6.128 7.273 8.550 6.492 4.380 6.493 7.580 4.983 2.993 0.855 0.002 1.218 2.998 5.552 6.876 9.107 10.670 13.083 13.796 11.835 10.696 8.667 8.306 8.383 10.161 11.150 12.702 13.046 13.374 13.364 13.616 13.126 13.687 13.683 14.375 14.911 14.331 15.767 15.975 14.978 16.200 17.006 17.409 17.830 17.264 16.459 15.428 15.648 15.259 14.693 15.146 13.834 14.031 15.110 15.909
10.552 9.793 10.657 9.927 7.941 9.337 9.875 8.678 8.429 9.802 9.678 8.393 9.521 10.831 9.903 9.543 11.277 11.009 10.881 11.796 11.983 12.079 11.731 10.862 10.437 8.881 8.128 6.407 5.458 5.137 5.086 6.120 6.107 6.572 6.226 4.666 5.520 6.290 5.023 3.942 5.484 6.198 4.753 4.010 6.382 6.648 5.492 4.091 2.553 0.814 0.000 1.154 2.837 3.953 5.027 5.914 7.831 7.735 6.505 5.563 4.217 4.680 4.991 5.989 7.274 8.576 7.868 8.258 8.252 7.835 7.039 7.002 7.293 7.825 8.877 8.240 9.776 10.028 9.278 10.338 11.031 11.256 10.856 10.396 9.715 8.658 9.299 8.751 8.624 9.895 8.522 9.318 11.119 11.705
7.718 6.483 6.785 6.620 5.021 5.077 5.711 4.965 4.159 4.775 5.167 4.241 3.880 4.814 5.140 4.479 4.575 5.629 5.614 5.155 5.805 6.697 6.528 6.260 5.379 5.003 4.520 4.269 3.754 4.860 4.506 5.822 5.347 5.868 5.220 3.959 4.292 4.817 3.787 2.873 3.982 4.377 3.430 3.475 4.717 4.909 4.223 4.148 3.192 2.394 0.850 0.000 0.996 1.518 1.910 2.253 3.083 3.172 2.926 3.058 2.719 3.988 4.394 5.956 6.716 7.415 7.181 7.016 6.802 6.567 5.279 5.754 5.027 5.922 5.759 6.327 7.195 7.424 7.870 8.975 9.539 9.350 9.147 7.946 6.907 6.624 6.365 6.646 6.137 6.888 6.080 7.127 7.651 8.489
4.999 4.022 3.646 3.220 2.762 2.994 3.139 2.775 2.460 3.008 3.094 2.750 2.751 3.250 3.208 2.992 3.345 3.577 3.535 3.620 4.016 4.105 3.907 3.440 2.930 2.568 2.112 1.895 1.950 2.139 2.057 2.475 2.489 2.555 2.286 1.725 2.093 2.258 1.926 1.612 2.225 2.383 1.960 2.096 2.618 3.036 2.909 2.962 2.800 2.690 1.667 0.611 0.000 0.580 0.944 1.281 1.955 1.924 1.629 1.262 1.121 1.578 1.953 2.592 3.053 3.578 3.237 3.325 3.245 3.003 2.540 2.756 2.568 2.743 2.828 2.849 3.063 3.680 4.015 4.967 5.405 5.634 5.682 4.409 3.720 3.434 3.423 3.365 3.172 3.487 3.229 3.546 4.028 4.753
5.240 4.170 3.889 3.401 2.861 3.009 3.166 2.714 2.506 2.946 2.930 2.355 2.518 2.964 2.754 2.361 2.735 3.028 2.651 2.647 3.103 3.165 2.917 2.504 2.224 1.869 1.484 1.489 1.605 2.051 2.070 2.551 2.527 2.692 2.469 1.899 2.151 2.416 2.005 1.631 2.097 2.426 2.013 2.063 2.747 3.120 2.994 2.974 2.970 2.749 2.055 1.066 0.523 0.000 0.571 1.061 1.551 1.287 0.963 0.824 1.029 1.565 2.017 2.661 3.161 3.549 3.327 3.338 3.353 3.072 2.525 2.559 2.162 2.298 2.106 2.275 2.605 2.982 3.664 4.691 5.133 5.195 5.057 3.834 3.130 2.867 3.126 3.048 3.038 3.480 3.161 3.518 4.162 4.883
4.718 3.447 2.951 2.488 2.066 1.996 2.165 1.848 1.592 1.759 1.815 1.486 1.552 1.851 1.919 1.745 1.946 2.215 2.178 2.248 2.560 2.631 2.635 2.347 2.059 1.658 1.347 1.247 1.257 1.507 1.613 2.054 2.109 2.328 2.051 1.730 2.092 2.201 1.775 1.790 2.236 2.257 1.977 2.292 2.694 2.939 2.831 3.143 3.178 3.107 2.376 1.433 0.959 0.534 0.000 0.509 0.850 1.016 0.822 0.807 0.879 1.316 1.711 2.096 2.533 2.757 2.538 2.616 2.544 2.294 1.884 1.818 1.660 1.821 1.885 2.121 2.497 2.827 3.391 4.297 4.772 4.822 4.733 3.351 2.535 2.294 2.385 2.301 2.227 2.575 2.392 2.797 3.282 3.953
4.369 3.255 2.597 2.301 1.897 1.831 1.964 1.738 1.382 1.602 1.760 1.355 1.370 1.763 1.745 1.542 1.843 2.058 2.076 2.162 2.468 2.567 2.595 2.248 1.939 1.520 1.309 1.148 1.138 1.426 1.520 1.845 2.003 2.130 1.869 1.606 1.942 2.071 1.720 1.796 2.183 2.182 1.964 2.255 2.688 2.814 2.827 3.091 3.191 3.167 2.398 1.691 1.021 0.817 0.518 0.000 0.521 0.754 0.674 0.714 0.830 1.253 1.559 1.939 2.341 2.678 2.289 2.435 2.293 2.025 1.673 1.652 1.449 1.632 1.743 1.943 2.438 2.660 3.271 4.190 4.784 4.782 4.891 3.317 2.418 2.069 2.183 2.047 2.042 2.295 2.182 2.541 2.949 3.950
4.646 3.548 3.184 2.741 2.230 2.376 2.503 2.221 1.735 2.164 2.299 1.740 1.690 2.316 2.240 1.802 2.161 2.503 2.418 2.295 2.723 2.926 2.891 2.514 2.053 1.721 1.368 1.444 1.486 1.860 1.994 2.421 2.435 2.595 2.293 1.971 2.276 2.305 1.915 2.033 2.371 2.405 2.187 2.618 3.012 3.218 3.196 3.458 3.513 3.528 2.863 2.108 1.350 1.354 0.873 0.615 0.000 0.577 0.701 1.133 1.286 1.840 2.111 2.625 3.076 3.488 2.880 3.035 2.825 2.602 2.181 2.162 1.847 2.018 2.155 2.362 2.776 3.063 3.641 4.731 5.256 5.265 5.101 3.869 3.007 2.676 2.808 2.690 2.678 2.951 2.667 2.982 3.680 4.498
4.757 3.566 3.227 2.860 2.304 2.258 2.442 2.073 1.668 2.055 2.097 1.547 1.635 2.177 2.014 1.687 2.272 2.487 2.312 2.394 2.912 3.002 3.014 2.370 1.955 1.408 1.050 0.966 1.199 1.655 1.897 2.489 2.651 2.927 2.478 2.225 2.697 2.810 2.250 2.498 2.923 2.782 2.468 2.978 3.338 3.400 3.236 3.810 3.795 3.816 3.151 2.404 1.576 1.448 0.985 0.772 0.579 0.000 0.538 0.791 1.118 1.570 2.042 2.484 2.937 3.228 2.879 3.148 3.080 2.588 2.094 1.860 1.497 1.564 1.745 1.759 2.173 2.543 3.173 4.121 4.609 4.690 4.711 3.345 2.663 2.364 2.391 2.519 2.418 2.931 2.609 3.192 3.775 4.546
4.529 3.271 2.652 2.242 1.911 1.915 1.912 1.603 1.386 1.557 1.551 1.212 1.243 1.433 1.436 1.147 1.401 1.573 1.523 1.540 1.856 1.939 1.933 1.641 1.388 1.002 0.873 0.750 0.765 1.011 1.171 1.507 1.674 1.813 1.581 1.442 1.748 1.845 1.627 1.690 2.004 2.035 1.918 2.178 2.579 2.708 2.780 3.013 3.109 3.098 2.410 1.681 1.171 0.955 0.701 0.673 0.727 0.524 0.000 0.507 0.616 0.860 1.143 1.464 1.822 2.086 1.837 1.913 1.935 1.657 1.342 1.264 1.050 1.134 1.285 1.455 1.861 2.054 2.714 3.643 4.284 4.154 4.256 2.519 1.863 1.584 1.602 1.664 1.726 2.018 1.898 2.315 2.793 3.561
4.054 2.998 2.440 2.035 1.770 1.845 1.793 1.524 1.430 1.594 1.457 1.214 1.283 1.487 1.356 1.175 1.424 1.540 1.393 1.404 1.732 1.740 1.639 1.401 1.139 0.885 0.731 0.658 0.670 0.774 0.872 1.060 1.182 1.293 1.204 1.056 1.281 1.464 1.332 1.335 1.662 1.741 1.644 1.850 2.261 2.447 2.454 2.710 2.839 2.834 2.114 1.351 0.992 0.776 0.654 0.798 0.944 0.717 0.499 0.000 0.496 0.623 0.829 1.103 1.454 1.714 1.423 1.471 1.479 1.326 1.111 1.067 0.956 1.009 1.131 1.241 1.558 1.864 2.453 3.507 4.161 4.024 4.054 2.384 1.727 1.428 1.438 1.417 1.478 1.692 1.641 1.871 2.309 2.978
4.258 3.076 2.407 1.842 1.648 1.716 1.646 1.354 1.315 1.505 1.396 1.158 1.280 1.471 1.346 1.247 1.485 1.604 1.489 1.551 1.824 1.889 1.836 1.514 1.373 1.078 0.939 0.715 0.709 0.674 0.744 0.931 1.098 1.234 1.103 0.943 1.240 1.377 1.268 1.311 1.625 1.708 1.656 1.829 2.237 2.444 2.408 2.747 2.815 2.763 2.163 1.456 1.066 0.856 0.730 0.841 1.147 0.962 0.659 0.504 0.000 0.502 0.653 0.893 1.250 1.502 1.301 1.338 1.270 1.163 0.911 0.971 0.939 1.090 1.208 1.333 1.685 1.909 2.441 3.480 4.170 4.013 4.186 2.398 1.700 1.426 1.483 1.363 1.466 1.514 1.590 1.703 2.234 3.019
4.610 3.289 2.783 2.273 2.008 2.045 2.002 1.683 1.604 1.838 1.676 1.384 1.530 1.828 1.625 1.497 1.833 1.951 1.840 1.916 2.211 2.234 2.174 1.862 1.644 1.270 1.083 0.860 0.742 0.656 0.698 0.875 0.996 1.244 1.235 1.089 1.431 1.600 1.469 1.545 1.924 2.012 1.981 2.224 2.594 2.764 2.846 3.098 3.193 3.144 2.418 1.659 1.246 1.038 0.933 1.088 1.336 1.164 0.844 0.667 0.502 0.000 0.509 0.712 1.085 1.411 1.210 1.330 1.430 1.291 1.045 1.091 1.065 1.240 1.418 1.511 1.927 2.145 2.629 3.712 4.373 4.322 4.334 2.737 2.077 1.649 1.608 1.557 1.604 1.814 1.732 2.010 2.457 3.170
4.524 3.337 2.566 2.138 1.966 2.119 2.060 1.697 1.767 1.994 1.795 1.577 1.847 2.013 1.748 1.776 2.134 2.200 2.096 2.279 2.579 2.519 2.517 2.178 2.004 1.611 1.445 1.147 0.944 0.746 0.684 0.672 0.933 1.103 1.099 0.989 1.309 1.437 1.409 1.487 1.766 1.899 1.949 2.094 2.527 2.701 2.761 2.953 3.114 3.083 2.398 1.677 1.371 1.251 1.272 1.361 1.765 1.619 1.218 0.962 0.732 0.518 0.000 0.510 0.866 1.198 0.998 1.140 1.174 1.190 1.012 1.163 1.264 1.456 1.706 1.723 2.114 2.333 2.803 3.768 4.492 4.365 4.454 2.861 2.197 1.791 1.691 1.560 1.600 1.610 1.789 1.824 2.171 2.969
5.001 3.740 3.243 2.655 2.417 2.658 2.567 2.187 2.226 2.507 2.355 2.131 2.358 2.634 2.347 2.391 2.866 2.863 2.724 2.953 3.285 3.295 3.318 2.898 2.580 2.262 1.974 1.541 1.324 1.020 0.824 0.814 1.034 1.340 1.327 1.246 1.609 1.808 1.754 1.877 2.220 2.330 2.405 2.610 2.978 3.222 3.205 3.477 3.572 3.419 2.746 2.050 1.678 1.600 1.713 1.815 2.248 2.148 1.765 1.479 1.061 0.802 0.514 0.000 0.559 0.905 0.879 1.132 1.429 1.416 1.261 1.449 1.713 1.842 2.176 2.171 2.642 2.852 3.099 4.119 4.747 4.634 4.798 3.273 2.661 2.171 2.132 1.964 2.003 2.115 2.012 2.159 2.719 3.493
6.065 5.451 4.822 4.197 3.998 4.381 4.156 3.573 3.674 4.155 3.836 3.328 3.831 4.111 3.791 3.738 4.430 4.453 4.127 4.753 5.018 4.829 4.751 4.221 3.897 3.354 2.882 2.320 2.131 1.525 1.581 1.197 1.479 1.858 2.081 2.135 2.647 2.981 3.034 3.339 3.906 4.109 4.268 4.570 5.058 5.406 5.297 5.555 5.485 5.003 4.335 3.468 3.060 2.708 2.940 3.270 3.731 3.604 2.890 2.259 1.957 1.344 1.081 0.540 0.000 0.615 0.974 1.342 1.802 1.787 2.038 2.278 2.682 2.823 3.233 2.949 3.578 3.948 4.045 4.929 5.604 5.715 5.856 4.563 3.846 3.308 3.300 2.855 2.904 2.933 2.856 3.058 3.458 3.955
6.482 5.958 5.464 4.389 4.536 4.957 4.422 3.738 4.474 4.721 4.130 3.804 4.576 4.459 4.009 4.470 5.260 4.818 4.697 5.481 5.713 5.494 5.766 5.169 5.191 4.444 4.213 3.289 2.801 2.051 1.908 1.331 1.654 1.999 2.126 2.499 2.842 3.069 3.378 3.714 4.125 4.528 4.908 5.144 5.687 5.998 6.155 6.146 5.934 5.452 4.952 3.858 3.749 3.705 4.205 4.177 4.856 4.992 3.986 3.602 2.780 2.190 1.448 0.937 0.555 0.000 0.635 1.145 1.656 1.600 2.025 2.442 2.991 3.393 4.214 4.022 4.888 5.031 4.684 5.565 6.221 6.098 6.204 4.822 4.265 3.469 3.326 2.665 2.762 2.549 2.647 2.803 3.087 3.735
5.514 4.456 3.605 3.097 3.136 3.262 3.048 2.603 2.878 3.152 2.783 2.662 3.107 3.273 2.808 3.015 3.710 3.578 3.356 3.891 4.231 3.891 4.205 3.719 3.580 3.052 2.848 2.301 2.055 1.533 1.267 0.984 1.283 1.384 1.495 1.691 2.084 2.151 2.382 2.606 2.949 3.244 3.407 3.610 4.066 4.489 4.600 4.938 4.848 4.550 4.141 3.305 2.774 2.924 2.951 2.925 3.455 3.485 2.797 2.541 2.182 1.874 1.395 1.009 0.997 0.589 0.000 0.739 1.111 1.171 1.442 1.693 2.162 2.319 2.891 2.933 3.511 3.598 3.748 4.590 5.317 5.136 5.358 3.840 3.169 2.501 2.536 1.949 2.156 1.975 1.863 1.818 2.582 3.353
4.676 3.610 3.120 2.348 2.581 3.121 2.781 2.456 3.115 3.756 3.528 3.554 4.225 4.671 4.071 4.593 4.963 5.016 4.823 5.433 5.386 5.459 5.577 5.224 5.153 4.730 4.302 3.642 3.059 2.379 1.653 1.180 1.379 1.170 1.123 1.779 2.190 1.746 2.250 2.820 2.932 2.482 3.469 3.830 3.833 4.097 4.918 5.382 5.404 5.379 5.310 4.619 4.075 4.252 4.349 4.308 4.726 5.203 4.145 4.085 3.442 2.967 2.252 1.458 1.564 1.223 0.743 0.000 0.668 1.082 1.854 2.492 3.107 3.463 4.143 3.868 4.753 4.570 4.421 5.049 5.844 5.636 6.012 4.644 4.252 3.644 3.391 2.725 2.432 2.049 1.460 1.322 2.236 3.029
4.402 3.316 2.542 2.014 1.850 1.953 1.730 1.457 1.679 1.772 1.583 1.507 1.849 1.941 1.820 2.018 2.290 2.313 2.373 2.706 2.783 3.005 3.088 2.798 2.911 2.363 2.459 2.011 1.572 1.453 1.142 0.937 1.115 0.994 0.873 1.240 1.488 1.483 1.542 1.894 2.146 2.154 2.357 2.692 2.934 3.191 3.367 3.705 3.889 3.872 3.351 2.613 2.328 2.402 2.291 2.203 2.381 2.566 2.181 2.161 1.839 1.878 1.612 1.500 1.417 1.400 0.976 0.530 0.000 0.538 0.910 1.262 1.593 1.958 2.419 2.679 3.237 3.259 3.501 4.417 5.148 4.835 5.037 3.428 2.701 2.121 1.785 1.376 1.130 1.124 0.898 1.136 1.653 2.778
4.605 3.582 2.816 2.192 2.080 2.226 2.032 1.598 1.717 1.892 1.681 1.352 1.710 1.820 1.614 1.515 1.931 2.036 1.836 2.058 2.349 2.368 2.280 1.993 1.871 1.499 1.441 1.211 0.942 0.922 0.790 0.858 1.199 1.085 0.929 1.255 1.571 1.544 1.629 1.883 2.131 2.192 2.441 2.732 3.003 3.223 3.421 3.574 3.691 3.719 3.215 2.449 2.002 1.961 1.756 1.718 1.949 1.844 1.412 1.621 1.327 1.373 1.372 1.400 1.604 1.670 1.045 0.908 0.519 0.000 0.521 0.768 0.983 1.271 1.546 1.833 2.195 2.379 2.934 3.941 4.689 4.452 4.529 2.849 2.054 1.544 1.488 1.095 1.018 1.015 1.012 1.395 1.761 2.548
4.104 3.033 2.253 1.745 1.596 1.734 1.520 1.184 1.343 1.475 1.211 1.022 1.354 1.360 1.100 1.152 1.435 1.306 1.224 1.464 1.629 1.526 1.536 1.316 1.326 1.098 1.163 0.956 0.775 0.667 0.680 0.828 1.101 1.026 0.813 0.986 1.236 1.177 1.232 1.429 1.640 1.738 1.839 2.039 2.327 2.537 2.752 2.938 3.142 3.148 2.610 1.988 1.599 1.583 1.476 1.477 1.683 1.591 1.236 1.252 1.084 1.153 1.083 1.191 1.467 1.620 1.151 1.103 0.800 0.527 0.000 0.503 0.621 0.792 1.050 1.279 1.592 1.725 2.277 3.372 4.112 3.751 3.827 2.051 1.291 0.913 0.832 0.671 0.721 0.885 0.836 1.103 1.645 2.574
4.278 2.818 2.133 1.715 1.640 1.639 1.512 1.250 1.289 1.343 1.118 0.946 1.106 1.125 0.914 0.913 1.125 1.067 0.966 1.094 1.270 1.274 1.237 1.058 0.982 0.757 0.827 0.717 0.589 0.591 0.630 0.790 1.050 1.056 0.890 0.990 1.239 1.278 1.270 1.414 1.601 1.736 1.826 1.964 2.276 2.461 2.550 2.792 3.004 3.010 2.523 1.898 1.490 1.376 1.255 1.307 1.484 1.361 1.020 0.987 0.898 0.942 0.945 1.049 1.338 1.517 1.093 1.096 0.936 0.705 0.496 0.000 0.494 0.571 0.765 1.025 1.311 1.508 2.203 3.313 3.868 3.651 3.526 2.085 1.111 0.803 0.790 0.801 0.843 0.981 1.087 1.333 1.739 2.496
3.976 2.759 2.046 1.602 1.430 1.463 1.336 1.099 1.103 1.146 0.981 0.769 0.955 0.989 0.812 0.742 1.001 1.031 0.813 0.997 1.214 1.218 1.272 1.003 0.913 0.649 0.735 0.643 0.621 0.674 0.767 1.047 1.233 1.253 1.083 1.123 1.372 1.357 1.312 1.429 1.650 1.659 1.684 1.930 2.241 2.383 2.499 2.733 2.971 2.994 2.439 1.850 1.431 1.312 1.169 1.104 1.319 1.232 0.885 0.932 0.840 0.987 1.086 1.191 1.520 1.688 1.295 1.319 1.143 0.858 0.601 0.497 0.000 0.492 0.615 0.858 1.160 1.372 2.090 3.257 3.801 3.798 3.778 2.076 1.138 0.706 0.720 0.706 0.816 1.081 1.132 1.359 1.751 2.650
3.972 2.808 2.197 1.763 1.658 1.798 1.571 1.359 1.483 1.514 1.243 1.044 1.263 1.310 1.046 1.049 1.337 1.314 1.005 1.332 1.584 1.488 1.436 1.049 0.913 0.693 0.841 0.775 0.708 0.891 1.020 1.292 1.661 1.593 1.277 1.384 1.666 1.573 1.546 1.766 1.982 1.875 2.044 2.296 2.612 2.756 2.871 3.129 3.370 3.469 3.024 2.381 1.879 1.782 1.521 1.487 1.745 1.600 1.142 1.254 1.149 1.308 1.414 1.542 1.970 2.083 1.645 1.711 1.459 1.144 0.836 0.666 0.498 0.000 0.508 0.760 0.958 1.242 2.214 3.329 4.012 3.764 3.852 2.152 1.166 0.910 1.002 1.029 1.103 1.301 1.332 1.588 1.943 2.740
4.563 3.355 2.657 2.389 2.149 2.117 2.010 1.727 1.661 1.713 1.554 1.255 1.345 1.394 1.191 1.063 1.223 1.242 1.004 1.100 1.319 1.257 1.176 0.827 0.806 0.689 0.719 0.813 0.914 1.113 1.366 1.667 1.886 2.036 1.797 1.785 2.193 2.172 2.086 2.213 2.494 2.446 2.404 2.713 3.075 3.149 3.170 3.438 3.624 3.598 2.978 2.377 1.969 1.790 1.536 1.488 1.637 1.481 1.122 1.216 1.252 1.432 1.618 1.707 2.017 2.096 1.821 1.985 1.834 1.496 1.206 0.946 0.682 0.514 0.000 0.524 0.694 0.898 1.791 3.067 3.578 3.527 3.387 1.832 1.092 0.917 1.107 1.271 1.460 1.750 1.836 2.175 2.566 3.328
5.542 4.403 3.849 3.504 3.113 3.008 2.861 2.627 2.358 2.337 2.122 1.772 1.747 1.816 1.529 1.299 1.520 1.606 1.246 1.413 1.738 1.711 1.603 1.127 1.055 0.815 0.878 1.117 1.418 1.701 2.197 2.700 3.110 3.474 3.000 2.944 3.599 3.565 3.298 3.476 3.985 3.675 3.545 4.014 4.549 4.398 4.364 4.899 4.933 4.839 4.132 3.400 2.863 2.502 2.219 2.143 2.093 1.939 1.426 1.633 1.906 2.007 2.439 2.511 3.043 3.114 2.862 3.179 3.218 2.564 2.047 1.578 1.100 0.822 0.509 0.000 0.551 1.000 1.701 3.045 3.834 3.792 3.922 2.147 1.360 1.366 1.502 1.979 2.167 2.725 2.870 3.534 3.749 4.638
5.828 4.807 4.358 4.137 3.686 3.733 3.661 3.110 2.913 3.260 2.901 2.448 2.543 2.793 2.317 2.043 2.509 2.480 1.941 2.071 2.674 2.475 2.149 1.559 1.394 1.201 1.194 1.325 1.612 1.978 2.411 3.111 3.435 3.925 3.338 3.189 3.814 3.774 3.356 3.597 4.181 3.983 3.879 4.307 4.762 4.774 4.764 4.938 5.004 4.889 4.300 3.576 3.051 2.559 2.389 2.414 2.578 2.355 1.806 1.899 2.001 2.228 2.546 2.854 3.513 3.783 3.362 3.816 3.691 3.131 2.528 1.983 1.533 1.129 0.761 0.530 0.000 0.645 1.363 2.930 3.427 3.694 4.278 2.533 1.767 1.866 2.294 2.824 2.906 3.529 3.367 4.137 4.573 5.303
9.765 8.972 8.705 8.454 7.450 7.435 7.504 6.808 6.258 6.432 6.174 5.344 5.389 5.728 5.067 4.370 4.848 5.029 3.992 4.181 4.792 4.470 3.973 2.692 2.660 2.598 2.797 3.174 3.903 4.456 5.496 6.646 7.308 8.089 7.336 6.957 8.075 7.935 7.558 7.507 8.391 8.046 7.583 8.220 8.987 8.797 8.328 8.787 8.405 8.389 7.715 6.761 5.996 5.083 4.557 4.958 4.778 4.033 3.641 3.723 4.421 4.964 5.674 6.080 7.057 7.361 6.769 7.735 7.606 6.767 5.582 4.317 3.853 2.618 1.760 1.352 0.691 0.000 1.124 2.391 3.296 3.689 4.096 3.177 2.738 3.508 4.532 5.365 6.017 6.957 7.229 8.169 8.767 9.456
15.755 15.488 15.849 14.693 14.192 14.392 13.396 12.471 12.130 12.440 11.630 10.336 10.353 10.453 9.054 8.490 8.793 8.799 6.963 7.141 8.580 7.762 6.874 4.869 4.893 5.220 5.462 6.205 7.759 7.671 9.539 10.453 11.865 12.538 11.934 11.863 13.236 13.710 12.665 13.444 14.721 14.393 14.092 15.020 15.886 15.802 15.448 16.372 15.723 14.933 14.098 13.430 11.826 11.103 10.045 10.407 9.870 8.839 7.935 8.424 8.649 8.701 9.734 9.138 10.909 10.361 9.947 11.483 11.847 10.369 9.444 7.723 6.581 4.818 3.507 3.339 2.375 0.719 0.000 1.479 2.317 3.901 4.788 4.817 4.362 5.431 7.329 9.115 10.219 11.631 12.276 13.130 13.334 14.649
17.661 16.573 16.626 16.255 15.273 14.599 14.794 13.756 13.352 13.218 12.669 10.660 11.249 11.615 9.957 9.126 10.101 10.216 7.479 9.223 11.124 9.058 8.547 6.093 6.304 5.726 6.467 6.849 8.292 9.713 12.202 13.782 15.130 16.034 14.752 14.288 16.279 16.419 15.222 15.765 17.353 16.371 15.980 16.998 17.952 17.198 17.132 17.750 17.705 16.667 16.299 15.351 14.020 12.589 11.191 11.287 10.827 10.238 8.802 9.346 10.368 11.040 12.698 12.216 14.337 13.896 13.185 14.537 14.999 13.380 11.178 8.994 7.034 4.982 4.284 4.232 4.195 2.647 1.268 0.000 0.882 2.510 4.109 4.694 4.638 5.706 8.421 10.250 11.843 13.734 13.949 16.011 16.685 17.457
17.124 16.546 16.149 15.288 14.596 14.711 14.134 13.137 13.045 13.219 12.319 11.604 11.838 11.615 10.966 10.222 10.559 10.854 8.199 10.130 10.669 8.894 8.947 7.654 7.884 7.551 7.969 8.016 9.493 9.583 11.327 13.259 14.029 14.616 13.759 13.603 15.079 15.075 14.421 15.012 16.049 15.649 15.578 16.380 17.237 16.969 16.889 17.483 17.457 16.697 15.759 14.411 13.543 12.369 12.182 11.760 11.689 11.243 10.566 10.201 10.559 11.161 11.480 11.940 13.033 13.200 12.482 13.722 13.746 13.046 11.059 9.035 7.931 6.102 5.679 4.891 4.918 3.754 2.294 0.806 0.000 1.116 2.898 3.782 5.369 6.385 8.351 10.703 11.209 12.761 13.299 14.519 15.163 15.989
18.670 17.484 17.103 17.141 16.637 16.020 16.320 15.289 15.349 14.960 14.348 13.112 13.412 12.830 11.545 11.438 11.710 10.530 8.509 10.410 10.588 8.122 8.936 7.154 9.232 8.848 10.084 10.469 11.726 12.108 13.740 14.803 16.188 16.907 16.017 15.691 17.329 17.184 16.618 17.286 18.099 17.806 17.449 18.324 18.765 18.533 18.303 18.601 18.596 18.150 17.561 16.880 16.152 15.238 14.570 14.815 14.271 13.892 12.831 13.237 13.192 13.990 13.874 14.241 14.935 15.160 14.653 15.884 15.715 14.485 13.326 10.369 9.530 7.196 6.601 6.597 6.075 4.315 3.275 2.242 0.972 0.000 0.955 2.682 4.211 6.057 8.159 10.929 13.117 14.271 15.007 16.515 16.872 17.207
17.779 17.137 16.617 16.014 15.419 15.097 14.423 13.525 13.607 12.773 11.390 11.338 10.662 9.025 8.097 8.312 8.226 7.196 6.031 7.824 8.066 6.476 7.869 6.656 7.886 7.843 9.455 10.086 11.064 12.105 13.385 15.287 16.049 16.479 15.489 15.463 16.695 17.032 16.101 16.979 17.452 17.263 17.095 17.625 18.332 17.801 17.674 18.319 18.199 17.734 17.661 16.387 15.424 14.948 14.433 13.663 12.868 12.998 12.744 13.133 12.929 14.121 14.002 14.920 15.718 15.551 15.175 15.785 15.538 14.527 12.757 9.185 8.149 6.383 6.401 7.446 7.732 5.233 4.696 3.809 2.423 0.834 0.000 1.232 3.230 4.823 6.653 9.306 11.055 13.041 14.052 15.776 16.211 17.454
13.236 12.640 12.782 12.102 10.793 11.135 10.990 9.519 8.701 9.442 8.504 6.775 6.795 7.431 5.271 4.678 5.937 5.884 4.118 5.380 6.949 5.604 5.651 3.718 4.416 3.580 4.913 5.099 5.406 6.781 8.658 10.055 11.750 12.659 11.294 10.653 11.956 12.418 11.169 11.280 12.501 12.046 11.635 11.814 12.961 12.598 12.084 12.586 12.389 12.055 11.851 10.668 9.982 9.045 8.090 7.778 7.406 7.241 6.167 7.279 7.695 9.066 9.340 10.217 11.381 11.867 10.423 11.903 11.880 9.546 7.719 5.747 3.975 2.929 2.976 4.394 4.976 3.499 3.759 4.643 3.708 2.793 1.177 0.000 1.872 2.450 4.245 6.341 7.192 9.555 10.282 11.724 12.390 13.665
8.688 8.328 7.920 6.716 6.241 7.262 6.474 4.877 5.472 6.009 5.415 4.283 5.221 5.194 4.126 3.851 4.883 4.653 3.355 4.681 4.648 4.245 4.048 2.823 3.308 2.676 3.344 3.090 2.801 2.977 3.064 4.016 4.833 4.923 4.060 4.403 5.104 5.110 4.797 5.468 5.831 6.214 6.620 6.850 7.190 7.520 7.670 7.569 7.472 7.166 7.027 6.066 5.472 5.459 5.111 5.106 5.595 5.526 3.908 4.240 3.721 4.244 4.219 4.679 5.397 5.701 4.368 5.312 4.718 3.999 2.916 2.206 1.846 1.518 2.087 2.763 3.171 2.883 3.143 4.577 4.521 3.893 3.048 1.275 0.000 0.722 1.962 3.140 3.660 4.908 4.866 5.571 6.516 7.706
5.036 3.936 3.237 2.809 2.788 2.743 2.476 2.149 2.361 2.268 1.857 1.673 1.927 1.820 1.505 1.492 1.832 1.580 1.238 1.754 2.036 1.755 1.851 1.487 1.608 1.409 1.633 1.622 1.570 1.684 2.009 2.306 2.758 2.834 2.399 2.614 3.099 3.058 2.854 3.160 3.514 3.380 3.415 3.763 4.106 4.217 4.286 4.666 4.809 4.745 4.228 3.560 3.181 2.953 2.640 2.607 2.704 2.519 2.103 2.242 2.189 2.613 2.450 2.502 2.829 2.764 2.299 2.639 2.335 1.734 1.468 1.039 1.131 0.883 1.106 1.433 1.634 1.616 2.172 3.451 3.716 3.579 3.356 1.683 0.579 0.000 0.526 0.839 1.158 1.604 1.816 2.416 2.413 3.214
4.195 2.976 2.332 1.882 1.791 1.844 1.676 1.423 1.410 1.485 1.208 1.115 1.228 1.213 0.953 1.093 1.284 1.162 1.036 1.323 1.515 1.454 1.518 1.256 1.268 1.138 1.277 1.132 1.026 1.075 1.191 1.403 1.694 1.627 1.383 1.570 1.826 1.753 1.779 1.983 2.093 2.090 2.197 2.522 2.781 2.944 3.113 3.221 3.424 3.599 3.052 2.389 2.199 1.965 1.782 1.738 1.853 1.830 1.437 1.409 1.393 1.484 1.574 1.613 1.914 1.961 1.557 1.588 1.339 1.004 0.834 0.664 0.695 0.742 1.002 1.246 1.489 1.602 2.283 3.386 3.814 3.676 3.679 1.647 0.853 0.506 0.000 0.510 0.639 0.932 1.073 1.337 1.743 2.573
4.202 2.821 2.190 1.655 1.673 1.779 1.544 1.229 1.429 1.501 1.247 1.122 1.410 1.332 1.078 1.262 1.536 1.361 1.337 1.649 1.696 1.626 1.685 1.517 1.629 1.448 1.602 1.416 1.200 1.155 1.161 1.406 1.642 1.540 1.301 1.428 1.660 1.544 1.557 1.851 1.921 1.983 2.148 2.306 2.520 2.829 2.951 3.160 3.389 3.459 3.031 2.402 2.187 2.112 2.022 1.815 2.030 2.006 1.651 1.767 1.507 1.672 1.567 1.667 1.874 2.002 1.488 1.581 1.267 0.915 0.791 0.722 0.933 1.098 1.376 1.659 1.954 1.902 2.294 3.588 4.057 3.838 3.787 1.926 1.149 0.789 0.508 0.000 0.497 0.716 0.854 1.173 1.609 2.593
4.172 3.053 2.420 1.847 1.789 1.820 1.738 1.247 1.448 1.543 1.283 1.172 1.469 1.590 1.302 1.411 1.773 1.601 1.571 1.917 2.080 1.913 2.073 1.808 1.821 1.582 1.705 1.496 1.260 1.230 1.170 1.368 1.630 1.586 1.334 1.442 1.704 1.643 1.557 1.845 2.031 2.061 2.176 2.421 2.631 2.818 3.138 3.347 3.619 3.570 3.146 2.508 2.119 2.045 1.968 1.832 2.120 2.120 1.735 1.770 1.564 1.691 1.671 1.798 1.931 2.032 1.564 1.598 1.195 0.802 0.783 0.807 1.015 1.261 1.574 1.847 2.160 2.147 2.653 3.660 4.301 3.989 4.017 2.169 1.453 1.017 0.708 0.512 0.000 0.535 0.684 1.002 1.494 2.587
4.095 2.903 2.259 1.826 1.698 1.754 1.792 1.324 1.594 1.588 1.301 1.324 1.654 1.613 1.507 1.634 1.888 1.831 1.793 2.161 2.258 2.230 2.366 2.164 2.250 1.961 2.127 1.872 1.558 1.487 1.420 1.494 1.716 1.505 1.248 1.577 1.784 1.562 1.725 1.868 2.040 2.076 2.210 2.468 2.699 2.880 3.134 3.451 3.699 3.718 3.327 2.722 2.363 2.431 2.292 2.169 2.221 2.409 2.036 2.120 1.851 1.945 1.816 1.877 2.038 2.092 1.564 1.545 1.179 0.892 1.023 1.139 1.282 1.570 1.958 2.199 2.591 2.554 2.989 3.914 4.429 4.225 4.271 2.489 1.854 1.357 1.078 0.792 0.515 0.000 0.553 0.849 1.426 2.545
4.375 3.082 2.341 1.854 1.614 1.893 1.998 1.338 1.565 1.737 1.622 1.456 1.865 1.739 1.667 1.866 2.092 1.967 2.011 2.410 2.520 2.368 2.611 2.364 2.465 2.066 2.141 1.904 1.599 1.512 1.182 1.516 1.556 1.357 1.003 1.348 1.555 1.267 1.348 1.704 1.822 1.853 1.991 2.231 2.463 2.642 2.865 3.156 3.476 3.457 2.928 2.429 2.124 2.106 2.137 2.018 2.247 2.391 2.012 2.089 1.807 1.901 1.753 1.950 2.081 2.050 1.627 1.601 1.007 0.837 1.024 1.187 1.467 1.754 2.143 2.359 2.769 2.707 3.101 4.059 4.628 4.313 4.382 2.585 2.080 1.538 1.254 0.948 0.736 0.526 0.000 0.553 1.199 2.375
4.533 3.420 2.726 2.014 2.101 2.330 1.945 1.529 1.991 2.181 1.930 1.864 2.301 2.517 2.224 2.456 2.831 3.083 2.815 3.218 3.641 3.455 3.660 3.171 3.144 2.671 2.686 2.359 1.977 2.053 1.652 1.772 1.945 1.503 1.271 1.731 2.014 1.621 1.968 2.430 2.284 2.509 2.704 2.976 3.300 3.547 3.860 4.053 4.381 4.195 3.888 3.164 2.847 2.799 2.692 2.710 2.786 2.947 2.488 2.506 2.445 2.484 2.444 2.530 2.611 2.627 2.008 1.905 1.217 1.287 1.375 1.818 1.924 2.441 2.774 3.028 3.576 3.588 3.865 4.745 5.453 5.076 5.318 3.589 2.890 2.557 2.057 1.751 1.234 1.055 0.562 0.000 0.648 1.867
6.487 6.289 5.374 4.194 4.177 5.193 4.216 3.708 4.765 5.574 4.817 5.087 6.386 6.579 6.472 7.261 8.119 8.133 8.606 9.335 9.808 9.726 10.403 9.575 9.346 7.823 7.741 6.620 5.438 5.184 3.614 3.789 4.139 3.609 2.510 2.913 3.552 3.063 3.035 3.799 4.510 4.189 4.850 5.450 6.168 6.309 7.000 7.200 6.859 6.241 5.825 5.145 4.792 5.466 5.889 5.643 6.404 7.318 6.547 6.156 5.421 5.617 4.983 5.571 5.432 5.705 4.446 4.284 2.463 3.131 3.482 5.174 5.913 7.257 8.542 8.104 9.590 9.744 9.362 10.173 10.861 10.706 10.697 9.073 8.589 7.548 6.340 5.083 3.835 2.697 1.795 0.785 0.000 1.363
13.706 13.698 11.679 8.514 9.753 9.861 7.067 5.962 7.628 7.760 6.241 7.488 8.447 8.956 9.356 10.111 11.676 12.892 13.779 14.894 16.040 16.572 17.723 16.556 15.814 13.319 14.186 14.585 11.696 13.113 12.151 12.582 14.546 11.234 9.074 12.586 13.699 10.555 11.186 15.124 15.222 13.181 14.817 17.122 17.569 17.294 17.417 18.354 18.773 17.975 18.197 16.906 14.605 15.457 13.504 10.574 9.839 12.155 11.659 14.318 13.661 15.693 14.994 15.736 16.070 15.787 12.922 11.873 7.744 7.978 8.932 10.792 11.589 14.335 15.799 17.733 19.406 19.223 19.265 20.607 21.160 20.509 19.735 17.532 16.059 14.240 11.866 10.178 6.613 5.555 4.622 3.966 1.177 0.003
