0.009 1.704 3.615 4.417 4.800 5.617 9.112 10.868 10.316 12.665 14.334 15.637 16.449 18.083 19.214 20.521 19.502 18.918 20.923 21.043 20.030 21.525 22.823 23.217 23.214 24.131 24.859 25.081 24.938 25.763 25.936 25.964 25.984 26.587 26.271 26.443 26.948 27.290 27.246 27.420 27.878 27.920 27.678 28.165 28.439 27.990 28.329 28.579 28.588 28.092 28.248 28.262 28.722 28.749 28.917 28.779 28.926 29.159 29.416 29.545 29.588 29.584 29.778 29.543 29.578
0.747 0.001 1.228 2.837 3.125 3.300 3.729 5.756 6.692 6.648 8.114 8.715 8.981 12.133 12.164 14.080 14.637 13.820 15.765 16.768 16.952 17.680 20.037 20.663 21.572 21.803 23.128 23.172 22.812 24.226 24.294 24.056 24.216 25.389 24.808 24.899 25.350 25.569 25.896 26.145 26.288 26.397 26.787 26.552 27.035 27.218 26.775 27.157 27.337 27.092 27.341 27.651 27.527 27.744 27.981 27.709 28.027 28.357 28.359 28.550 28.778 28.785 29.114 28.810 29.136
2.115 0.628 0.001 1.157 2.105 2.831 2.770 3.178 4.552 5.729 5.952 6.467 7.201 9.599 9.764 11.819 12.396 12.879 14.857 15.065 16.796 17.513 18.725 19.484 21.043 20.872 21.714 22.165 22.045 23.177 23.258 23.181 23.507 24.286 23.871 23.905 24.200 25.246 24.982 25.314 25.457 26.298 25.900 25.608 26.612 26.343 26.139 26.623 26.863 26.429 26.675 27.211 27.599 27.157 27.278 27.726 27.895 27.607 28.047 28.418 28.657 28.532 28.938 28.622 28.900
3.074 2.148 0.615 0.000 0.939 2.198 2.447 2.372 3.059 4.375 4.713 5.248 5.728 7.362 8.842 9.840 10.108 11.123 13.445 14.021 15.261 15.638 17.891 18.024 19.804 20.186 21.451 20.338 21.454 22.563 22.654 22.411 22.524 23.650 23.203 23.458 24.136 24.284 24.346 24.366 24.968 25.024 25.286 25.412 25.834 25.845 25.892 26.197 26.217 26.040 26.029 26.452 26.388 26.476 26.591 27.225 26.925 27.082 27.615 28.043 28.043 28.029 28.585 28.483 28.838
3.079 2.744 1.656 0.581 0.001 1.092 1.922 2.265 2.258 3.447 4.280 4.611 5.023 7.272 8.414 9.530 10.070 10.613 12.600 13.670 15.150 16.081 17.486 18.589 20.015 20.082 20.971 22.231 21.606 22.503 22.997 22.426 23.394 24.008 23.801 24.012 24.559 24.629 24.833 25.255 25.332 25.526 25.659 25.737 26.156 26.506 26.172 26.799 26.562 26.430 26.840 27.140 26.873 26.942 27.296 27.647 27.716 27.478 28.103 28.240 28.449 28.408 28.688 28.772 28.774
3.351 2.668 2.701 1.621 0.572 0.000 0.946 1.878 2.362 2.777 3.067 4.216 4.664 6.946 8.118 9.292 9.712 10.190 12.450 13.922 15.445 16.003 17.462 18.685 20.226 20.004 21.063 22.083 22.057 22.618 22.884 23.120 23.286 23.665 23.740 24.417 24.391 24.656 25.272 25.047 25.185 25.698 26.076 25.875 26.390 26.720 26.332 26.516 27.084 26.609 26.804 27.255 27.393 27.154 27.308 28.009 27.821 27.807 28.193 28.555 28.456 28.446 28.844 28.710 28.870
4.439 3.201 2.986 2.617 2.010 0.565 0.000 0.835 1.758 2.453 2.617 3.066 4.131 6.377 7.792 8.317 9.011 9.379 12.040 12.856 14.470 15.119 16.441 17.215 19.341 19.283 20.354 20.677 21.303 21.903 22.426 22.344 22.559 22.771 23.179 23.070 23.500 23.844 24.175 24.320 24.308 24.783 24.803 25.080 25.568 25.631 25.688 26.028 26.311 26.060 26.174 26.431 26.580 26.484 26.759 26.897 27.074 27.278 27.630 28.017 27.800 28.004 28.335 28.205 28.429
4.348 4.169 2.831 2.614 2.625 1.865 0.559 0.000 0.995 2.154 2.350 2.836 3.198 6.213 7.649 8.615 9.193 9.996 12.481 13.403 15.052 15.725 16.538 17.690 19.202 19.958 21.604 21.129 21.100 22.262 22.793 22.351 22.780 23.393 23.755 22.869 24.189 24.424 24.335 24.615 24.877 25.471 25.056 25.464 25.722 25.686 25.874 26.139 26.146 26.027 26.058 26.656 26.594 26.391 26.724 27.098 27.271 27.204 27.846 28.124 28.009 28.323 28.640 28.654 28.641
5.523 4.735 4.567 3.074 2.771 2.462 1.608 0.582 0.000 0.882 2.016 2.374 2.876 5.107 7.016 8.132 7.997 8.445 11.385 12.535 13.158 14.141 16.250 17.509 18.606 18.949 20.041 21.121 21.366 21.301 22.271 22.840 22.712 22.781 23.477 23.764 23.524 23.923 25.032 24.590 24.628 25.188 25.365 25.061 25.451 26.108 25.805 26.021 26.214 26.025 26.371 26.460 26.813 26.478 26.541 27.271 27.360 26.990 27.481 28.123 28.030 27.905 28.380 28.098 28.300
5.732 5.198 4.880 3.956 2.673 2.475 2.186 1.514 0.573 0.000 0.862 1.935 2.677 4.527 6.703 7.776 7.313 7.877 10.621 11.342 12.789 12.903 15.013 16.187 16.841 17.818 19.323 20.273 20.378 20.141 21.193 21.628 21.299 22.160 22.267 23.033 22.819 23.322 23.257 23.534 23.128 24.107 23.915 24.287 24.667 24.747 24.575 25.090 25.378 25.598 26.004 26.130 25.923 26.081 26.406 26.598 26.571 26.994 27.048 27.416 27.526 27.715 27.870 27.815 28.053
6.680 6.406 5.828 4.797 4.428 3.174 2.715 2.298 1.830 0.643 0.000 1.002 2.214 4.313 6.616 7.455 7.226 7.357 10.653 11.324 11.867 13.409 14.617 15.589 17.285 17.684 18.400 19.700 20.540 21.008 21.424 21.390 22.059 22.179 22.310 22.115 22.796 23.116 23.014 23.180 23.672 24.149 24.312 24.237 24.792 24.842 25.185 25.227 25.391 25.096 25.346 25.575 25.590 25.852 26.197 26.228 26.446 26.611 27.011 27.322 27.110 27.487 27.822 27.610 27.922
8.496 8.082 6.937 6.135 5.592 4.545 3.222 2.861 2.661 1.740 0.826 0.002 1.150 3.310 6.340 7.289 5.902 7.199 10.392 10.727 11.280 12.599 14.868 14.890 16.920 17.907 19.102 20.028 21.149 21.138 21.775 21.547 22.510 22.929 23.050 23.132 23.873 23.957 24.574 24.281 24.973 25.151 25.450 25.505 25.783 25.704 25.897 26.204 26.318 26.088 26.042 26.471 26.388 26.648 26.812 26.972 27.295 27.291 27.742 27.863 27.788 28.192 28.236 28.316 28.454
11.036 10.877 9.959 8.268 7.616 6.947 5.899 4.533 3.877 3.700 2.893 0.924 0.000 1.517 4.125 5.092 5.440 5.786 7.624 8.658 9.895 11.916 12.554 13.617 15.329 16.085 16.008 17.920 18.644 18.527 19.812 20.711 20.001 20.714 21.668 21.312 21.142 22.373 22.329 22.177 22.147 23.235 22.836 22.827 22.627 23.870 22.997 23.661 24.039 23.566 23.745 24.022 24.698 24.250 24.820 25.169 25.357 25.660 25.726 26.065 26.557 26.537 26.765 26.783 26.935
16.544 15.836 15.437 14.497 12.026 11.570 10.705 8.878 5.829 5.938 5.994 3.890 0.952 0.001 1.399 4.098 3.744 3.555 3.544 5.610 6.720 5.926 7.443 10.689 12.459 11.218 13.625 13.980 15.448 15.068 16.201 15.368 14.982 15.608 16.496 15.589 14.989 16.483 16.185 16.409 16.188 17.240 17.261 16.979 16.735 16.229 17.912 17.864 17.423 17.183 18.122 18.442 18.337 19.176 19.412 19.774 20.480 20.826 21.331 22.384 22.370 22.922 22.935 23.119 23.581
19.075 18.624 17.103 16.392 14.438 13.845 11.803 10.844 9.903 7.242 6.444 5.237 3.714 0.759 0.001 0.898 1.530 1.990 1.773 1.815 2.642 3.086 3.112 3.900 4.698 4.565 5.185 5.893 6.225 6.846 6.907 7.396 8.134 8.443 8.306 8.837 9.184 9.455 9.312 10.216 9.949 10.763 11.077 10.933 10.973 11.536 12.042 12.600 12.077 12.342 13.294 13.500 13.355 14.239 14.718 14.962 15.234 15.640 16.531 17.177 17.849 18.260 18.622 18.447 19.407
19.604 18.777 18.295 17.165 16.074 14.983 12.843 12.028 11.327 8.634 6.397 6.290 4.052 1.528 0.571 0.000 0.589 0.971 1.361 1.251 1.362 2.101 2.153 2.658 2.605 3.577 3.347 4.227 3.911 4.498 4.992 5.356 5.232 6.058 6.360 6.484 6.339 6.884 6.950 7.220 7.034 7.878 7.854 7.707 7.913 8.494 8.462 9.239 9.413 9.397 10.068 10.787 11.313 11.328 12.018 12.751 13.119 13.362 13.896 14.743 15.895 15.806 16.523 16.333 17.090
19.289 18.714 17.700 17.098 15.715 13.790 12.356 11.478 10.789 8.192 6.888 6.353 4.587 2.029 1.088 0.568 0.001 0.629 1.039 1.260 1.122 1.288 1.999 2.319 2.124 2.560 3.391 3.515 3.386 4.305 4.535 4.635 4.749 5.046 5.488 5.570 5.738 6.499 6.572 6.433 6.962 7.225 7.605 7.445 7.538 8.299 8.183 8.557 8.614 8.987 9.368 9.999 10.526 10.596 11.103 12.020 12.359 12.702 13.224 14.349 15.717 15.397 16.472 15.978 16.710
19.884 19.035 18.032 16.516 15.429 14.784 12.389 11.158 10.503 7.502 6.136 5.971 4.581 2.252 1.294 1.021 0.526 0.000 0.591 0.796 0.892 0.848 1.043 1.236 1.444 1.641 1.630 1.943 2.105 2.248 2.768 2.968 2.829 3.105 3.386 3.739 3.954 4.082 4.380 4.705 4.979 5.015 5.339 5.656 5.894 6.167 6.346 6.711 6.996 7.359 7.657 8.008 8.867 9.104 9.504 10.191 10.760 11.461 11.631 12.549 14.141 14.551 15.231 14.807 15.409
20.376 20.013 18.528 17.706 16.678 14.452 12.976 11.782 10.859 8.403 6.391 6.160 4.297 2.229 1.356 1.047 0.717 0.510 0.001 0.538 0.641 0.691 0.691 0.878 1.031 1.189 1.256 1.472 1.655 1.827 2.006 2.159 2.377 2.564 2.693 2.838 3.377 3.440 3.454 3.743 3.979 4.193 4.352 4.501 4.684 5.194 5.153 5.505 5.740 5.966 6.287 6.760 7.610 7.720 8.354 8.736 9.345 9.942 10.437 11.458 12.862 12.747 13.718 13.495 13.730
20.891 19.458 18.792 17.721 17.341 14.664 13.188 12.113 11.015 8.570 6.642 6.170 4.335 2.312 1.475 1.166 0.802 0.696 0.513 0.000 0.545 0.662 0.722 0.720 0.909 1.053 1.241 1.321 1.493 1.765 1.850 1.966 2.249 2.432 2.566 2.749 3.049 3.340 3.467 3.599 3.821 3.977 4.227 4.354 4.530 4.858 4.988 5.364 5.493 5.652 6.071 6.461 7.285 7.397 8.028 8.746 9.259 9.549 10.136 11.589 12.445 12.319 13.634 13.374 13.805
20.012 19.580 18.279 17.820 17.511 15.118 13.893 12.386 10.731 8.551 6.719 6.296 4.311 2.353 1.776 1.079 0.893 0.754 0.647 0.509 0.001 0.516 0.639 0.736 0.679 0.866 1.021 1.123 1.195 1.388 1.556 1.627 1.754 2.051 2.204 2.245 2.465 2.697 2.943 3.028 3.287 3.406 3.687 3.775 3.979 4.305 4.397 4.718 4.808 5.092 5.447 5.900 6.490 6.752 7.333 7.748 8.602 8.984 9.454 10.698 11.729 11.834 13.005 12.471 13.251
20.197 19.809 18.175 17.334 16.921 14.894 13.031 11.582 10.758 7.999 6.414 6.103 4.502 2.471 1.761 1.387 0.939 0.811 0.695 0.610 0.501 0.002 0.511 0.599 0.625 0.665 0.820 0.931 1.036 1.168 1.296 1.417 1.580 1.747 1.981 2.145 2.246 2.422 2.688 2.923 3.034 3.097 3.430 3.466 3.767 3.838 4.109 4.400 4.722 4.842 5.167 5.624 6.420 6.563 7.101 7.590 8.247 8.855 9.172 10.105 11.419 11.687 12.510 12.200 12.673
21.123 20.647 18.596 18.105 16.965 15.107 13.199 11.873 10.707 8.731 6.783 6.071 4.603 2.675 1.845 1.619 1.167 0.863 0.720 0.694 0.608 0.502 0.000 0.508 0.613 0.654 0.668 0.809 0.930 1.067 1.153 1.324 1.536 1.658 1.740 1.941 2.169 2.323 2.458 2.742 2.976 3.109 3.286 3.439 3.637 3.955 4.052 4.384 4.665 4.697 5.187 5.594 6.371 6.490 7.298 7.896 8.277 8.781 9.450 10.433 11.418 11.374 12.769 12.401 12.889
20.059 19.379 18.200 17.558 17.266 14.750 13.277 12.120 10.497 8.711 6.823 6.212 4.563 2.842 1.942 1.668 1.352 1.106 0.834 0.748 0.653 0.572 0.499 0.001 0.512 0.613 0.677 0.682 0.765 0.967 1.080 1.103 1.316 1.517 1.592 1.652 1.967 2.098 2.205 2.365 2.643 2.775 2.862 3.060 3.251 3.432 3.645 3.912 4.098 4.333 4.751 5.106 5.751 6.020 6.565 7.156 7.899 8.090 8.655 9.933 10.787 10.784 12.273 11.758 12.444
20.913 19.822 19.506 17.636 17.601 15.776 13.470 11.753 10.473 8.131 6.660 6.285 4.457 2.634 2.103 1.620 1.419 1.202 0.996 0.822 0.735 0.627 0.592 0.498 0.002 0.506 0.603 0.653 0.641 0.786 0.901 0.966 1.091 1.256 1.401 1.496 1.624 1.880 1.991 2.039 2.273 2.444 2.694 2.797 2.983 3.192 3.341 3.697 3.887 4.001 4.546 4.895 5.497 5.784 6.426 6.817 7.541 7.959 8.447 9.473 10.670 11.014 12.026 11.692 11.919
21.375 20.327 18.132 17.438 16.956 14.806 13.364 12.247 10.953 8.803 7.184 6.532 4.616 3.008 2.316 2.035 1.521 1.296 1.140 0.965 0.772 0.674 0.632 0.572 0.496 0.001 0.509 0.588 0.620 0.659 0.777 0.908 1.051 1.175 1.308 1.449 1.604 1.725 1.921 2.036 2.263 2.350 2.628 2.791 2.989 3.212 3.381 3.579 3.909 4.139 4.551 4.946 5.611 5.965 6.564 6.984 7.654 8.222 8.698 9.542 10.498 11.006 11.878 11.738 12.031
20.988 20.098 18.659 18.022 17.033 14.601 13.496 12.307 10.501 8.523 7.195 6.613 4.759 3.274 2.535 2.099 1.770 1.467 1.187 1.152 0.984 0.806 0.692 0.629 0.582 0.501 0.001 0.516 0.589 0.668 0.667 0.799 0.965 1.109 1.169 1.312 1.527 1.661 1.690 1.963 2.149 2.182 2.442 2.698 2.930 3.057 3.198 3.442 3.752 3.946 4.437 4.802 5.529 5.780 6.434 6.954 7.504 7.794 8.638 9.626 10.498 10.506 11.993 11.568 11.987
20.714 19.813 18.757 17.217 16.646 14.477 12.610 11.485 10.049 8.303 6.977 6.635 4.756 3.197 2.521 2.007 1.735 1.510 1.295 1.200 1.069 0.920 0.770 0.687 0.621 0.599 0.502 0.002 0.506 0.600 0.643 0.651 0.797 0.950 1.011 1.084 1.294 1.428 1.434 1.584 1.818 1.912 2.009 2.224 2.450 2.593 2.788 2.936 3.192 3.412 3.793 4.188 4.803 5.178 5.806 6.257 7.050 7.345 7.746 8.879 9.951 10.257 11.601 11.208 11.572
21.589 19.988 18.924 17.345 17.058 14.655 13.303 11.822 10.381 8.146 7.266 6.629 4.946 3.441 2.840 2.393 1.870 1.679 1.490 1.328 1.187 1.085 0.967 0.779 0.708 0.653 0.613 0.500 0.001 0.503 0.589 0.626 0.667 0.822 0.934 1.054 1.129 1.347 1.499 1.603 1.722 1.915 2.090 2.166 2.401 2.646 2.826 2.974 3.175 3.571 3.859 4.236 4.781 5.261 5.977 6.348 7.035 7.837 8.232 8.955 10.330 10.821 11.679 11.225 11.539
21.573 20.421 18.778 17.837 17.135 14.587 13.651 12.614 10.422 8.663 7.661 7.044 5.465 3.855 3.061 2.636 2.199 1.887 1.706 1.552 1.333 1.130 1.099 0.940 0.784 0.713 0.676 0.601 0.498 0.001 0.509 0.607 0.657 0.683 0.805 0.966 1.076 1.173 1.311 1.517 1.618 1.687 1.926 2.068 2.262 2.455 2.717 2.957 3.216 3.353 3.844 4.301 5.082 5.355 5.960 6.476 7.092 7.745 8.042 8.955 9.851 10.195 11.417 11.047 11.608
21.303 19.806 18.602 17.947 16.973 14.609 13.380 12.553 10.383 8.619 7.652 7.191 5.349 3.762 3.221 2.759 2.313 2.046 1.796 1.693 1.482 1.308 1.141 1.108 0.937 0.793 0.736 0.656 0.581 0.495 0.001 0.504 0.615 0.651 0.637 0.780 0.942 1.060 1.107 1.270 1.430 1.517 1.627 1.874 1.996 2.104 2.335 2.592 2.845 3.090 3.442 3.944 4.796 5.090 5.579 6.075 6.981 7.238 7.788 8.819 9.789 9.693 11.334 10.805 11.477
21.483 20.094 19.412 17.738 17.047 14.633 13.558 12.150 10.241 8.634 7.659 7.136 5.194 3.832 3.296 2.909 2.298 2.105 1.868 1.687 1.535 1.361 1.230 1.074 0.983 0.881 0.739 0.637 0.592 0.550 0.493 0.002 0.498 0.563 0.587 0.591 0.747 0.868 0.922 1.018 1.236 1.310 1.466 1.583 1.795 1.945 2.021 2.296 2.527 2.785 3.235 3.547 4.287 4.500 5.431 5.949 6.606 7.228 7.678 8.740 9.928 10.122 11.304 10.832 11.214
22.165 20.112 19.072 17.633 17.211 14.708 13.477 12.874 10.791 9.036 7.770 7.231 5.643 4.123 3.525 3.178 2.562 2.255 2.076 1.955 1.686 1.495 1.405 1.266 1.086 0.984 0.892 0.748 0.631 0.591 0.546 0.494 0.001 0.500 0.555 0.600 0.618 0.749 0.866 0.971 1.090 1.250 1.402 1.515 1.606 1.894 2.035 2.178 2.463 2.798 3.126 3.622 4.219 4.716 5.255 6.074 6.800 7.283 7.758 8.641 9.739 9.973 10.956 10.823 11.269
21.924 20.567 19.341 18.284 17.607 14.898 13.814 13.031 10.721 8.963 8.105 7.315 5.772 4.328 3.678 3.369 2.790 2.478 2.261 2.130 1.867 1.679 1.598 1.431 1.245 1.104 1.048 0.897 0.740 0.677 0.611 0.563 0.497 0.001 0.499 0.584 0.629 0.629 0.759 0.883 1.001 1.094 1.250 1.382 1.478 1.619 1.855 2.030 2.228 2.566 3.015 3.396 4.241 4.581 5.182 5.730 6.811 7.067 7.517 8.639 9.680 9.910 11.163 10.470 11.285
22.067 20.836 19.447 18.447 17.582 15.151 13.419 13.062 11.045 8.942 8.190 7.730 5.769 4.433 3.916 3.532 3.030 2.787 2.449 2.180 1.983 1.858 1.665 1.518 1.372 1.222 1.094 0.966 0.831 0.721 0.620 0.551 0.536 0.492 0.001 0.496 0.554 0.586 0.596 0.702 0.874 0.931 1.026 1.220 1.313 1.454 1.598 1.853 2.021 2.250 2.665 3.110 3.851 4.376 5.061 5.596 6.450 7.012 7.402 8.692 9.880 10.188 11.512 10.990 11.859
22.459 20.838 19.912 18.274 17.830 15.169 13.484 12.373 10.967 9.116 8.175 7.747 5.851 4.679 4.039 3.700 3.128 2.804 2.525 2.338 2.005 1.911 1.771 1.554 1.460 1.312 1.195 1.030 0.916 0.819 0.698 0.608 0.578 0.554 0.494 0.000 0.497 0.553 0.571 0.600 0.751 0.831 0.937 1.071 1.199 1.358 1.438 1.618 1.945 2.151 2.511 3.011 3.686 4.102 4.709 5.419 6.241 6.506 7.187 8.201 9.589 9.655 10.909 10.337 11.173
21.985 20.449 19.068 18.243 17.524 15.046 13.914 12.869 10.695 9.143 8.583 7.831 6.257 4.867 4.274 3.948 3.421 3.104 2.874 2.708 2.344 2.171 2.020 1.942 1.634 1.556 1.420 1.225 1.075 1.018 0.845 0.712 0.636 0.605 0.557 0.493 0.001 0.502 0.570 0.601 0.633 0.740 0.897 0.997 1.112 1.263 1.420 1.592 1.773 2.124 2.470 2.852 3.646 4.165 4.564 5.182 6.186 6.399 6.777 7.909 9.107 9.417 10.558 9.856 10.825
22.409 20.632 19.603 18.769 17.859 15.480 14.021 13.308 11.222 9.424 8.510 8.069 6.449 5.056 4.550 4.095 3.589 3.371 3.090 2.878 2.509 2.368 2.168 1.982 1.791 1.625 1.575 1.337 1.193 1.049 0.947 0.817 0.694 0.627 0.592 0.541 0.494 0.000 0.499 0.561 0.607 0.601 0.749 0.870 0.960 1.077 1.240 1.444 1.614 1.901 2.357 2.664 3.479 4.132 4.485 5.178 6.291 6.590 6.889 8.143 9.288 9.657 10.742 10.652 11.526
21.902 21.020 19.997 18.546 17.765 15.355 13.966 12.982 11.239 9.190 8.713 8.360 6.163 5.021 4.430 4.108 3.576 3.241 3.004 2.913 2.530 2.381 2.254 2.008 1.867 1.737 1.553 1.414 1.311 1.148 0.998 0.868 0.780 0.703 0.611 0.555 0.535 0.492 0.001 0.498 0.553 0.561 0.584 0.765 0.853 0.907 1.077 1.310 1.515 1.747 2.176 2.723 3.204 3.691 4.305 4.878 5.484 5.825 6.372 7.490 8.309 9.052 10.137 9.902 11.036
21.851 20.822 19.436 18.573 17.648 15.016 13.778 13.105 11.014 9.403 8.756 8.441 6.590 5.338 4.750 4.432 3.898 3.551 3.203 3.267 2.800 2.617 2.458 2.333 2.019 1.893 1.797 1.541 1.431 1.306 1.160 0.995 0.896 0.835 0.688 0.617 0.586 0.536 0.493 0.002 0.498 0.542 0.597 0.629 0.736 0.868 0.995 1.205 1.373 1.684 1.989 2.451 3.195 3.454 3.950 4.896 5.866 5.872 6.289 7.360 8.877 9.037 10.261 10.000 10.965
21.808 20.193 19.795 18.643 17.814 15.108 14.361 13.557 11.214 9.532 9.064 8.487 7.096 5.680 5.161 4.662 4.165 3.831 3.587 3.448 3.068 2.900 2.714 2.541 2.269 2.059 1.954 1.795 1.581 1.513 1.344 1.141 0.980 0.979 0.837 0.696 0.627 0.609 0.548 0.495 0.001 0.499 0.574 0.609 0.621 0.775 0.929 1.082 1.279 1.600 2.145 2.436 3.182 3.689 4.096 4.811 6.006 5.999 6.361 7.578 8.720 9.244 10.171 9.710 10.878
22.253 21.194 19.552 18.737 18.217 14.882 13.689 13.229 11.043 9.296 8.820 8.730 6.587 5.493 4.940 4.547 3.999 3.743 3.489 3.364 3.025 2.856 2.712 2.615 2.348 2.199 2.037 1.913 1.738 1.578 1.477 1.293 1.130 1.018 0.916 0.796 0.701 0.614 0.573 0.535 0.496 0.000 0.498 0.574 0.621 0.615 0.763 0.946 1.129 1.433 1.795 2.262 2.901 3.407 3.756 4.496 5.298 5.276 5.639 6.939 7.966 8.339 9.569 9.549 10.674
22.290 21.879 20.636 18.857 18.246 15.095 13.881 13.032 11.086 9.582 8.875 8.573 7.000 5.865 5.166 4.839 4.452 3.924 3.677 3.655 3.316 3.132 2.956 2.730 2.567 2.403 2.263 1.996 1.960 1.766 1.552 1.427 1.258 1.123 1.005 0.896 0.826 0.705 0.620 0.572 0.557 0.493 0.002 0.503 0.567 0.604 0.677 0.799 1.036 1.340 1.794 2.214 2.992 3.413 3.699 4.510 5.328 5.289 5.824 6.549 7.917 8.387 9.447 9.612 10.861
21.688 20.914 19.807 19.033 17.651 15.158 14.375 13.589 11.119 9.641 9.210 8.779 7.297 6.085 5.536 5.108 4.590 4.320 4.003 3.896 3.607 3.443 3.261 3.038 2.780 2.709 2.514 2.239 2.106 2.038 1.869 1.619 1.515 1.373 1.216 1.026 1.003 0.869 0.719 0.635 0.614 0.557 0.497 0.002 0.510 0.592 0.666 0.727 0.968 1.301 1.751 2.193 2.809 3.398 3.494 4.414 5.108 5.143 5.518 6.306 7.406 7.878 9.132 8.872 9.999
22.197 21.123 19.852 18.732 18.315 15.633 14.692 14.037 11.730 10.172 9.685 9.476 7.704 6.615 6.067 5.607 5.043 4.610 4.352 4.257 3.849 3.736 3.455 3.386 3.021 2.902 2.808 2.507 2.308 2.216 2.113 1.936 1.663 1.637 1.464 1.251 1.097 1.021 0.925 0.759 0.697 0.618 0.599 0.502 0.001 0.512 0.633 0.731 0.832 1.166 1.620 2.230 2.958 3.237 3.637 4.366 5.434 5.100 5.527 6.673 7.911 7.888 9.211 9.167 9.840
21.815 21.561 19.670 18.950 18.561 15.094 13.786 13.450 11.444 9.865 9.374 8.927 7.431 6.640 5.959 5.630 5.047 4.583 4.352 4.263 3.938 3.685 3.574 3.462 3.200 2.962 2.853 2.615 2.461 2.263 2.091 2.105 1.805 1.599 1.547 1.441 1.186 1.085 0.984 0.884 0.777 0.635 0.618 0.593 0.505 0.005 0.520 0.652 0.854 1.176 1.620 2.156 3.074 3.486 3.707 4.538 5.214 4.942 5.093 6.277 7.445 8.242 8.926 9.587 10.546
22.132 22.134 20.260 19.520 18.094 15.673 14.671 14.216 11.935 10.469 10.111 9.568 8.291 7.210 6.775 6.386 5.772 5.388 5.088 5.016 4.610 4.359 4.079 3.925 3.714 3.553 3.322 3.001 2.866 2.655 2.511 2.277 2.230 2.027 1.790 1.648 1.472 1.288 1.132 1.022 0.996 0.723 0.686 0.643 0.600 0.503 0.002 0.530 0.709 1.070 1.384 1.960 2.813 3.266 3.682 4.409 5.124 4.849 5.238 5.889 7.487 7.771 9.094 9.266 10.401
22.035 21.208 20.349 19.233 18.377 16.209 15.244 15.024 12.593 11.025 10.948 10.458 8.840 8.055 7.498 6.980 6.354 6.200 5.767 5.692 5.174 5.046 4.829 4.608 4.120 4.089 4.052 3.537 3.256 3.310 3.036 2.774 2.530 2.496 2.336 2.001 1.946 1.720 1.475 1.278 1.236 1.003 0.860 0.793 0.763 0.671 0.516 0.002 0.571 0.896 1.308 1.646 2.569 3.394 3.812 4.572 4.997 4.996 5.582 6.407 7.541 7.552 8.906 9.046 9.939
22.398 21.659 20.136 19.073 19.212 16.778 15.372 15.253 13.113 11.297 11.191 11.109 9.297 8.496 7.755 7.517 6.752 6.407 6.243 6.193 5.560 5.480 5.149 5.054 4.602 4.430 4.448 4.220 3.601 3.630 3.772 3.419 3.008 2.899 2.807 2.496 2.211 2.035 1.901 1.605 1.450 1.332 1.228 0.986 0.828 0.857 0.748 0.528 0.002 0.690 1.156 1.608 2.356 2.929 3.402 4.354 4.800 4.562 5.123 6.596 7.129 7.070 8.549 8.608 9.765
23.305 22.600 21.757 20.877 20.285 17.758 16.995 16.663 14.437 12.844 12.859 12.489 10.985 10.168 9.232 9.181 8.477 8.349 8.107 8.113 7.526 7.026 7.054 6.788 6.385 5.843 5.922 5.857 5.709 4.931 4.761 4.770 4.400 3.975 3.999 4.023 3.301 3.029 2.942 2.518 2.216 1.927 1.852 1.496 1.233 1.179 1.067 1.008 0.550 0.004 0.759 1.470 2.022 2.476 3.022 3.966 4.792 4.623 4.911 5.993 7.566 7.520 8.852 9.173 10.470
23.003 22.248 21.672 21.003 20.536 18.051 17.463 17.299 15.101 14.351 13.933 13.700 12.909 10.930 10.507 10.463 9.652 9.996 9.530 9.379 8.837 8.646 8.440 8.113 7.431 7.431 7.317 6.929 6.998 6.468 6.424 6.085 6.248 5.561 5.589 5.092 5.028 4.560 4.162 3.415 3.372 2.692 2.458 2.361 1.977 1.675 1.428 1.388 1.065 0.586 0.001 0.777 1.780 2.529 2.484 3.282 3.876 4.212 4.548 5.108 6.250 7.160 7.592 8.292 9.665
22.961 21.966 21.572 20.589 20.495 18.764 18.235 17.994 15.659 14.860 14.173 14.184 13.240 11.745 11.502 11.744 10.596 10.920 11.131 11.218 9.820 9.964 9.752 9.458 8.803 8.813 8.816 8.474 8.232 8.045 8.126 7.604 7.640 7.390 7.098 6.941 6.427 6.025 5.437 4.962 4.315 4.415 3.502 2.826 2.829 2.682 1.987 1.857 1.819 1.629 0.572 0.002 0.836 1.883 2.252 3.119 3.655 3.865 4.624 5.062 5.959 6.545 7.859 8.300 9.741
23.463 22.472 22.082 21.854 22.024 20.346 20.191 20.366 18.460 17.558 17.157 17.723 16.180 14.334 13.880 14.387 13.444 13.339 13.094 14.424 13.110 12.208 12.537 12.377 11.965 11.375 11.167 11.698 10.968 9.686 9.977 10.185 9.840 9.172 9.626 9.594 8.888 8.807 7.964 7.524 6.501 6.234 5.795 4.509 3.860 4.248 3.628 2.583 2.463 2.344 1.416 0.662 0.001 0.723 1.999 3.219 3.048 2.882 3.882 4.814 4.886 5.522 7.090 7.567 8.929
24.029 22.845 22.621 22.299 21.693 19.984 20.296 20.280 17.941 17.332 16.661 16.650 16.132 14.121 13.927 13.937 13.142 13.701 12.793 12.954 12.219 12.440 12.123 11.636 11.531 11.374 11.106 10.801 10.902 10.028 9.853 10.121 9.785 9.315 8.970 9.595 8.604 8.736 8.061 7.952 6.811 6.862 5.609 5.070 4.607 4.331 3.495 3.273 2.484 2.420 2.080 1.785 0.580 0.001 0.831 2.297 2.471 2.312 2.964 3.900 4.300 4.767 5.989 7.011 8.067
24.225 23.476 23.193 22.904 22.702 21.024 21.374 21.438 19.969 19.656 18.411 18.098 18.342 16.184 16.299 16.652 15.518 16.041 15.763 15.736 15.040 15.081 15.020 14.712 14.154 14.003 13.883 13.305 13.099 12.391 12.509 11.810 11.891 11.500 10.802 10.545 10.915 10.598 10.296 9.779 9.321 9.451 7.717 7.151 6.836 5.876 4.519 4.611 3.839 3.120 2.686 2.603 1.836 0.593 0.000 0.811 2.103 2.040 2.028 2.713 3.684 4.340 4.825 6.538 7.708
24.393 23.792 23.545 23.539 23.520 22.702 22.220 22.726 21.152 20.898 20.181 19.666 19.236 17.961 18.267 17.795 17.018 17.746 17.337 17.264 17.134 17.252 16.530 16.541 16.589 15.698 15.490 15.384 15.101 14.147 14.799 14.132 13.671 13.082 13.168 12.052 11.605 12.670 11.912 11.056 10.096 10.538 9.492 8.691 7.789 7.171 6.607 5.539 5.152 4.444 3.336 2.852 2.745 2.078 0.589 0.001 0.857 1.497 2.107 2.230 2.908 3.748 4.721 6.230 7.446
24.326 24.180 23.786 23.967 23.768 22.758 22.955 22.839 21.337 20.451 20.214 20.260 19.452 17.943 17.791 17.872 16.863 17.101 16.881 17.593 16.976 15.917 16.445 16.403 15.693 15.754 15.181 15.253 14.619 13.891 13.853 13.845 13.879 12.925 12.937 12.437 11.908 11.939 11.791 11.405 10.231 10.394 9.974 8.251 8.047 7.219 6.451 6.078 4.886 4.770 3.802 2.915 2.457 2.364 1.394 0.564 0.001 0.802 1.634 1.907 2.292 3.252 4.395 5.622 7.230
24.632 24.679 24.195 24.714 23.899 23.077 23.178 23.324 21.723 21.288 21.016 20.415 19.973 18.450 18.700 18.584 17.506 18.418 17.488 17.807 16.955 17.511 16.808 16.788 16.367 16.646 15.929 15.100 15.144 15.058 14.396 14.013 14.075 13.519 12.662 12.835 12.290 12.114 11.480 11.914 10.781 10.255 9.938 9.375 8.478 7.998 6.747 6.419 5.433 5.107 3.957 3.664 3.178 2.527 1.920 1.496 0.574 0.001 0.762 1.823 2.147 2.919 3.635 4.926 6.026
24.905 24.615 24.155 24.346 23.903 23.535 23.247 23.416 22.075 21.589 20.341 20.291 20.532 18.214 18.806 18.848 17.953 18.792 17.616 18.294 18.328 17.348 17.287 17.721 17.678 16.642 16.415 16.411 15.962 15.275 15.342 14.385 14.472 14.144 13.413 12.936 12.844 12.799 12.082 11.048 10.709 10.819 9.569 8.529 8.936 8.390 7.644 6.463 5.874 5.426 4.247 3.913 3.962 2.808 1.985 2.118 1.595 0.591 0.001 0.881 1.913 2.972 3.489 4.831 6.180
25.870 25.507 25.050 25.311 25.382 24.745 24.634 24.497 24.077 23.215 22.551 22.718 22.084 20.801 20.986 21.972 20.876 21.094 20.540 20.814 20.458 20.393 19.943 19.901 19.214 19.339 19.187 18.604 18.640 17.906 17.726 16.672 17.023 16.402 15.274 15.376 14.683 15.018 13.900 13.371 12.553 13.334 11.720 10.710 10.306 10.689 9.127 8.445 7.664 7.029 5.486 4.836 5.088 3.969 2.650 2.758 2.546 1.719 0.616 0.003 1.138 2.365 3.395 4.622 6.937
26.447 26.069 26.074 26.524 26.269 25.708 26.085 26.108 25.114 25.117 24.907 25.056 24.131 22.997 23.308 23.603 22.734 23.168 23.000 22.987 22.220 22.138 22.282 22.030 21.778 21.306 21.435 20.892 20.668 20.133 20.021 19.451 18.957 19.220 18.166 18.228 17.796 18.045 17.000 17.468 15.620 15.831 15.958 14.596 13.211 12.943 13.073 11.378 10.364 9.961 8.686 7.354 7.127 6.702 4.707 3.512 3.611 2.760 2.029 0.866 0.005 0.943 2.509 3.645 4.988
27.132 26.371 26.553 26.792 26.590 25.946 26.099 26.462 25.500 25.601 25.029 24.990 25.025 23.729 23.760 24.483 23.477 23.897 23.036 23.456 23.038 22.826 22.680 22.895 22.707 21.827 21.949 21.880 21.480 20.870 21.055 20.466 19.152 19.598 19.323 19.120 18.167 18.487 17.317 17.230 16.475 15.860 15.368 14.689 14.026 13.964 13.660 12.868 11.419 11.601 10.287 9.730 8.748 7.591 6.573 5.060 4.139 3.446 3.810 2.938 0.795 0.001 1.043 3.106 4.386
27.829 27.218 27.110 27.443 27.396 27.068 26.991 27.378 26.713 26.518 26.205 26.137 26.037 25.550 25.651 25.743 25.094 25.172 25.152 25.146 24.635 24.721 24.967 24.519 24.608 24.515 24.153 23.553 23.992 23.556 23.254 23.205 22.644 22.560 22.259 22.339 21.469 21.564 21.783 21.775 20.453 20.638 20.072 19.112 18.956 18.229 18.633 18.003 16.615 15.581 13.905 13.884 12.918 10.311 8.609 8.533 7.180 4.603 4.702 4.354 3.041 1.195 0.006 1.208 3.127
28.313 27.966 28.010 28.120 28.242 28.024 28.123 28.329 27.971 27.984 27.676 27.861 27.882 27.629 27.484 27.810 27.565 27.358 27.309 27.413 26.938 26.996 26.775 27.003 26.475 26.169 26.202 25.995 26.004 25.397 25.243 24.823 24.284 24.009 23.814 23.388 23.551 22.714 22.458 22.416 21.432 21.356 20.949 21.112 20.552 19.595 19.964 18.991 18.091 16.983 14.928 14.312 13.860 12.649 10.942 9.694 8.768 7.292 5.848 5.482 4.630 3.387 1.105 0.003 1.578
29.240 29.092 29.083 29.219 29.279 29.113 29.190 29.310 29.136 29.133 29.197 29.268 29.198 29.024 29.094 28.888 28.884 29.078 28.623 28.702 28.494 28.668 28.351 28.516 28.612 28.032 28.146 28.008 27.745 27.538 27.470 27.591 26.520 26.673 26.401 26.419 25.861 25.853 25.611 24.720 24.427 24.811 23.955 23.360 23.259 22.443 22.533 21.246 20.448 20.343 18.109 16.843 15.865 15.282 12.911 11.590 11.568 10.101 7.448 7.153 7.898 4.734 3.538 1.335 0.014
